0.453064724035057,0.485216129911248,0.53811911734506,0.669289829881051,0.75722223112199,0.617263875831958,0.632400918052731,0.56392307897706,0.720925731858917,0.552257876771515,0.612870132456005,0.578431343687999,0.594570949344614,0.516559900630097,0.64730830483611,0.625539259468479,0.575793415534969,0.478761104512119,0.426340006308477,0.37459630855975
0.448581959789032,0.431424615262266,0.466301596727412,0.659961516116923,0.619531865763188,0.684847630375817,0.485711537888852,0.550186148172255,0.711682097458454,0.431390553384322,0.575301896856568,0.836469061457658,0.487026292895179,0.52072720554762,0.588359917290257,0.5805829444372,0.642726409738797,0.704315833676992,0.426110542343192,0.415563681691925
0.389231691323724,0.537437552247732,0.370561525880968,0.560899226974839,0.888608589532962,0.418612837162322,0.637377755767826,0.707242388626648,1.11727648631312,0.469519611838975,0.493875603970654,0.504075437918515,0.752650780463697,0.645597412541653,0.542567825821068,0.761094632626715,0.42868694312018,0.391802644216462,0.382789988235049,0.370528292493003
0.419595273118854,0.622965716326312,0.437506043769331,0.702906240098366,0.97033207693438,0.438577970224954,0.688267500856825,0.645315025822769,0.866723886417874,0.570088303746181,0.68747319486339,0.639744719796059,0.659553276890367,0.616308359137876,0.702296956268312,0.748741072848845,0.504880190325828,0.426455720607591,0.39211703142296,0.405548723597591
0.434886712259909,0.609167469711244,0.567598188949005,0.696646985362673,0.770153270874877,0.477917775491939,0.625266682020274,0.644587819951393,0.652772383618189,0.547373070545956,0.680144017788024,0.508435646127361,0.641261211460075,0.586655239180969,0.520735027280261,0.646043868550207,0.540170624339156,0.374609185561538,0.393553451368173,0.453995098227229
0.468864202698639,0.639431068989351,0.618099458494843,0.729674757812404,0.855553371084936,0.711965350804802,0.713392960254362,0.654911722665882,0.799527494866294,0.756881791010955,0.686756049328348,0.593447401165877,0.695673661364029,0.687847018506733,0.672651630446283,0.685052671738988,0.641697073510488,0.483075054712273,0.501348985180663,0.505803300903125
0.423196703464162,0.603364104870562,0.554965959888773,0.630464415543946,0.728426686489502,0.531911794182344,0.606359270477834,0.610279928846214,0.596599247619356,0.577533017704728,0.614148658681585,0.522125608392336,0.562963045210473,0.615326277509696,0.536228522080277,0.601251155131256,0.524839004806184,0.425765279013722,0.421070736630935,0.452820356202772
0.374920070490595,0.479197052887319,0.556261430695642,0.565915531792969,0.686446047342068,0.612820851342608,0.582563891465052,0.547423550820267,0.618149749737724,0.543381217678601,0.562121600838781,0.497235037081176,0.580915224658676,0.528381743243215,0.54943130427184,0.532883075341282,0.485110506824118,0.395816614530637,0.412467319936896,0.372637002999199
0.364610313192323,0.541529329387329,0.489951315221282,0.562002684461635,0.719255999379624,0.514200154144988,0.555831302336305,0.559667053580088,0.554511886949111,0.552319599644229,0.536066707626854,0.506490079277479,0.495129102390064,0.538239796306279,0.489146179460432,0.534826160198259,0.472307376914667,0.374603491627766,0.361693978202786,0.406522900765049
0.386769987562357,0.531433634162368,0.533656481312525,0.569445045993284,0.757384040315918,0.537656119453119,0.583077145441378,0.579662599346046,0.641898957002885,0.578261725567739,0.60700044695049,0.526823815415285,0.580953426829256,0.561062628873587,0.581195522789646,0.592569871087933,0.512900981580168,0.389567796563156,0.401929161790737,0.407868516782076
0.440742917984647,0.455456816482856,0.605618255380798,0.672833592022038,0.664305531713083,0.682726084825531,0.630589771054732,0.587568519542607,0.745274525974972,0.626253388667991,0.641302761615885,0.502514560802665,0.653741279900066,0.542246809966237,0.665265082179253,0.622595785293749,0.600571620659578,0.49836802902369,0.517292082926449,0.412658726004161
0.443775617270166,0.57516215612267,0.518334262552558,0.771996941895296,0.86122120958895,0.466063873038259,0.692250459694671,0.614832901048842,0.765440869968683,0.572839339338041,0.685944545210253,0.562275634538759,0.596627490782944,0.55830655574952,0.631764180991964,0.689144566184074,0.550808908555485,0.433461678631582,0.416409640426471,0.408530834089027
0.404794428002272,0.549935200788434,0.479924254331845,0.760930482631379,0.88700462665012,0.428690291780368,0.646331737331916,0.588297176877291,0.74120721205271,0.567033947451655,0.655470949428273,0.524035026998541,0.610028374439348,0.558582421343885,0.577177569273448,0.705360176275839,0.505109658828368,0.405890672925617,0.390826282056992,0.401977074034248
0.453372895110727,0.518960134694443,0.50523315195233,0.766941066327627,0.780987399804868,0.500295426298622,0.656191826813483,0.550353927758311,0.720763183343678,0.606140761923627,0.615605500335591,0.485752741678755,0.560981806680277,0.507031794935215,0.68218828326267,0.619381101018204,0.585396582651215,0.39105956351301,0.423363969745704,0.370343756730094
0.533236992581196,0.401365632148678,0.755686280487176,0.614780656537341,0.663111249770622,0.803326438922295,0.709653583212476,0.582979099271062,0.778739524294167,0.620716270483657,0.626846492172247,0.554887125050329,0.748783327867985,0.498731124877335,0.74235920625473,0.634774777669528,0.599499603602389,0.543953464949235,0.559331041722387,0.359455260433208
0.490570183031041,0.593902427951245,0.484710805003483,0.944410878340227,1.00536473274078,0.448199940512831,0.683196792403896,0.53074171397824,0.683670069605104,0.632210245395338,0.616718889160743,0.541505110636404,0.578487160050658,0.552550204548066,0.78286970622986,0.649457100277128,0.584751086955614,0.389871794059551,0.410060935002405,0.365412663908565
0.375821115629596,0.829287289182184,0.500930893823343,0.890785896883009,0.788329252567587,0.491561289799843,0.562004006228194,0.663523920975146,1.03244272522275,0.509767338700066,0.462899243316544,0.520734524812332,0.724748760890461,0.687843361768744,0.585031489322782,0.714219528562469,0.675880230778141,0.31931410750163,0.453821073937906,0.602845039600615
0.353318855300966,0.571113626665957,0.44982156324193,0.363477094240238,0.603694385522187,0.895740572919235,0.504755397200971,0.710526341391594,0.445311693193988,0.758334789977785,0.504824973151003,0.720270303150942,0.541138084839097,1.05874451583052,0.518519288379133,0.640199363478352,0.458127897408203,0.429948382923486,0.324553351689596,0.667705722722564
0.396126947557505,0.649208867354666,0.665469397836963,1.23479608281452,1.24098951118405,0.347009201546127,0.691173266208945,0.667681098479159,1.20695600775279,0.567501311229239,0.659698735673959,0.358629521288859,1.02268729182774,0.65394990553573,0.505129662055669,0.879802781112936,0.686888768062468,0.295450013518991,0.393076270627636,0.399045030905777
0.401888073353633,0.659561588494478,0.520542667433866,1.28870959524334,1.09969427837756,0.326957828731724,0.732391680763184,0.653970144217423,0.850900355897126,0.730190986879997,0.616907652360385,0.384169411882132,0.716960169440672,0.664375431211822,0.60905670945282,0.871775364698634,0.601840391879396,0.295885043231615,0.373313776945348,0.384650843790263
0.391691183001664,0.876272917161348,0.584188031778236,0.927838981481125,0.94130861451893,0.444062397285949,0.561770862873064,0.642701753073184,1.10867915022669,0.470293003370109,0.498233509911469,0.532894311820162,0.95254927619693,0.673086869008942,0.614433318391684,0.816605743778191,0.708135895374979,0.345676720045919,0.414301624937774,0.565596618389499
0.457337255342327,0.483506043966471,0.503673687193338,0.562660285084645,0.818071421300704,0.681292465553965,0.805858322611971,0.545593421648664,0.731585474004625,0.970597187722206,0.919059388582368,0.399032755155107,0.62323448382069,0.536750222811311,0.826355768114135,0.736289934623095,0.844008798594992,0.404254403333342,0.534059316360051,0.411491160959047
0.453977313325096,0.695126771991262,0.591668881180341,1.36480041438444,1.11696282785478,0.351376161697754,0.698886761210858,0.636735860735457,0.987762008327284,0.634751076416239,0.634984164551636,0.371068514338136,0.776439038935824,0.672592959093203,0.591052905355971,0.794229608436004,0.610474069351063,0.307554702457828,0.421218155310598,0.397830931210516
0.415692294313648,0.6580441810618,0.701692000162271,1.13565482700482,1.0302776449633,0.373045852109558,0.68802823047735,0.687253441180311,0.95652937881652,0.584382029796877,0.683095553721333,0.439587523024087,0.877979218075568,0.622629092897561,0.535443643828414,0.774426457262948,0.621330644095579,0.32775199121026,0.394437084157688,0.466397750241514
0.42446542289853,0.682397417405541,0.578198957359275,1.11407747401408,1.0413327470708,0.39698579028044,0.634257360764377,0.707685444466348,0.947389781974745,0.569332941909176,0.735489721081767,0.429117401528555,0.766070588434023,0.647223584718834,0.597514276899302,0.711922701398996,0.610838631259999,0.31948550665768,0.415357506515829,0.466853717879766
0.445705035504447,0.720183880971001,0.542943055723388,0.773253970346987,0.94602924146561,0.496463948876289,0.667498139695804,0.694461539556484,0.783893406635012,0.654905573656774,0.730790007253934,0.549402302146642,0.680566961397962,0.619412990854812,0.705651596678207,0.686470495180871,0.595303644546098,0.368406204469232,0.46555917635664,0.524879042234305
0.457514149842676,0.639013931377804,0.596101280897124,0.783997863904574,0.920534369953267,0.674731361277898,0.728620987485797,0.695784837574748,0.795793928272173,0.849893355855138,0.777275158170493,0.580703552892239,0.720271601603412,0.708407923498676,0.710781228836103,0.727210118110016,0.643898576245598,0.440815986987871,0.46749239099771,0.509821814307005
0.467361760211449,0.60365678484848,0.566433811408722,0.631738402873485,0.870681266761749,0.579709072368621,0.757218335081561,0.630580502010946,0.824950761364582,0.727530450004028,0.828587539455505,0.544175614363844,0.668912843504905,0.58365662535702,0.712787317717617,0.72291486507373,0.642445656461988,0.448085983134081,0.495745226106782,0.433550273359107
0.436545846629893,0.642313114461277,0.509713329690544,0.799246137193913,0.824120622061202,0.465755188518036,0.632647417140715,0.672435776108105,0.74125316877921,0.57852668395709,0.656171502915174,0.533661498920238,0.635001094849476,0.639374266098493,0.598140384199822,0.712485290260091,0.569935399880302,0.393003934974929,0.429719098557751,0.487835755512002
0.496659174052689,0.702544235477863,0.564896474885107,0.677949834159818,0.873477378760039,0.563757754710268,0.731863291947042,0.60758802634976,0.755593043933526,0.579095061798793,0.73043415601092,0.700160850869914,0.65453609381883,0.550537261067743,0.819753427262038,0.655483463337763,0.605794623887413,0.471107859975081,0.448723249610734,0.451702957973155
0.510287981508353,0.671369627629393,0.644675378293976,0.692064831457834,0.931049167521095,0.577035806859196,0.741736206552901,0.643743663657019,0.805766994712034,0.601467095347798,0.793861231744599,0.642276967257001,0.723457015017339,0.560647644283911,0.774547168693266,0.666628633999953,0.638541455039097,0.539093145633195,0.4659153806852,0.438825106056321
0.503705309510413,0.587634748562028,0.610738311637653,0.872560275511757,0.892714900740446,0.580554080223818,0.730613617611964,0.642233403313268,0.882653643011929,0.643275451804325,0.72896478020634,0.601803893167917,0.661081231250586,0.571351659665451,0.741912883375566,0.701444849149942,0.697324805786029,0.553706932043172,0.479982863876945,0.430565056090229
0.450341409462348,0.643761089328817,0.601987355395183,0.741250813604134,0.849704035779939,0.685592268705602,0.698338400592588,0.649109953796037,0.801003069734737,0.753384338080435,0.670953979788735,0.573966794490864,0.69382108280007,0.685718463660627,0.685591920616061,0.663042283301517,0.643467211392602,0.461768384035239,0.4826219959299,0.498630723630657
0.517856299587407,0.559968541290159,0.587925635657498,0.757735366243234,0.818541177384677,0.683673252483829,0.734877172643264,0.650990575192255,0.878796462390872,0.595577575245754,0.71506155091839,0.797766216684973,0.658092786079528,0.588518972402526,0.756939354574249,0.690415174739664,0.652604211897386,0.646612493143585,0.501596814169653,0.441571448934789
0.501025366722066,0.565221504521714,0.806581764099509,0.767329068047306,0.616288928417562,0.91055075882593,1.01482882055714,0.938671512929063,0.803987496847959,0.632171839759078,0.945645829413964,0.53674640631778,0.917974162074359,0.651872294420559,0.781660052212598,0.551997796785549,0.611069156117497,0.538499845767062,0.643293329651688,0.496294318792037
0.4585239716639,0.527981270809864,0.652301924725895,0.708476609101627,0.772030003047274,0.831691698706672,0.738486677719102,0.675674718946024,0.802557432969366,0.752797473547694,0.724977450859177,0.494238728983894,0.735861039458728,0.665660472440197,0.713028019567117,0.596648043591146,0.685136300360867,0.521770212814471,0.622311279246919,0.452099516957012
0.445964663892325,0.65993940288888,0.56607115373598,0.763171401219645,0.900468841326892,0.545570830945645,0.718483367843513,0.69028530642615,0.795051838831202,0.622454747462172,0.767507084789021,0.58770410562231,0.667478886871788,0.663184038535326,0.656689910576203,0.700473784836952,0.617695433931259,0.462159354159279,0.428959244185654,0.489966858773454
0.51040587202117,0.575480594833649,0.651194778951693,0.773948148863996,0.860715320809651,0.730657964169445,0.751868441851429,0.662989324168227,0.805382676242917,0.723235007396749,0.749554124764345,0.618349071533626,0.718700386299438,0.627870238303309,0.770060901341275,0.67654514280116,0.684883211555856,0.541288603736964,0.521608974423634,0.466522236357609
0.427415556497705,0.66817308920656,0.577621697650491,0.712397584976531,0.858602770650546,0.599608227669175,0.681012785483646,0.657522427475707,0.674456454941931,0.672433807329948,0.657142634418659,0.55729078909566,0.633331753026746,0.66042569253888,0.581250661850959,0.592841483735054,0.544887452484648,0.420182071565258,0.428759269875159,0.461074579328289
0.494085094342543,0.637163603640131,0.641144386997708,0.794943271461052,0.896215475973786,0.679199619879372,0.735998489717897,0.651725702277583,0.838838831281016,0.718184993655805,0.751990735824281,0.629126658322974,0.712971598900327,0.637349202603667,0.731561980853657,0.694175817071256,0.676683635978176,0.532958581221305,0.49981819020768,0.465957173798
