0.177510976557778,0.195851173234986,0.195353857049524,0.187673729818633,0.182414301260073,0.163735965567494,0.164310567616004,0.159704691305105,0.147518149563891,0.139543503097325,0.137603424380959,0.132119657483761,0.130091878505085,0.136187074958435,0.131498382547635,0.131480712792876,0.128833773844187,0.132335391935478,0.136225731864168,0.114836685186033
0.17518936953045,0.19501960123187,0.188023053152931,0.18507964668583,0.178564631635782,0.164210711087771,0.17155786481805,0.15921322010366,0.153812872735986,0.142163344728616,0.139566406230039,0.135682334243341,0.126188608620664,0.142257783337444,0.128496696967443,0.131781599458554,0.135808244940876,0.137539154591295,0.129167214062541,0.113771971512343
0.178924314823361,0.197060899145194,0.175295921347455,0.16742968398973,0.168325559229821,0.157180294105903,0.148095680095539,0.148935594767459,0.131502099995342,0.144575958993897,0.136840520710489,0.133605409270156,0.140397100374959,0.132092629592265,0.136416179227913,0.13403214469359,0.140012495389442,0.126973048100385,0.125445770502049,0.110659258820564
0.187807900284294,0.195694197447084,0.180723341551812,0.185366773051124,0.181288446300798,0.167031871775401,0.168783393743724,0.160977077218086,0.143508640406078,0.142485712762147,0.143630563821488,0.138735813822345,0.133643007400936,0.137939933369935,0.13643748755015,0.135087502090434,0.13547809901751,0.136089929657096,0.125523887559355,0.122300754205192
0.192131773262767,0.200562490650044,0.18259856414778,0.186088234001631,0.169580331499173,0.161579228174621,0.163424161569885,0.161247396777685,0.144870489914668,0.140012602359966,0.135438319273605,0.132305155431429,0.137794522923514,0.134555843651869,0.136792810544809,0.131443546686667,0.132026206071993,0.132406369017192,0.119730989343203,0.10965694337696
0.196173354755655,0.22246985256107,0.212096033229837,0.212371059928782,0.202136703804603,0.178955389609556,0.169168359453121,0.178478336717926,0.165082647522882,0.157235609207601,0.151451627804128,0.148330171456293,0.146101186040694,0.146946945559139,0.138975589729399,0.141855146294089,0.137340105710267,0.136018053123879,0.139331807196297,0.118699507306742
0.209262312140729,0.223504836067513,0.20938301131505,0.205248662195356,0.194145959510311,0.180918833761939,0.18318731976776,0.180189617622423,0.163256624492345,0.157230218360611,0.152621195024792,0.147947915001801,0.154556069872718,0.148970683969484,0.151383476726567,0.146902971550378,0.14842647559771,0.147638269625786,0.136541118673429,0.122717378347823
0.174863463353278,0.198215652650557,0.198530874087295,0.197398788743886,0.181139238925419,0.168982894394461,0.162202010808251,0.161888761755005,0.152015304538463,0.145927361090712,0.139309614282806,0.136632131789418,0.143923077814105,0.142824796797973,0.139523565885734,0.132623715697972,0.128090953228882,0.132406930000029,0.135165776773765,0.11931667022081
0.177263465722793,0.193094774208158,0.177665216611573,0.186276050051399,0.177968510525963,0.163791855683859,0.156642683554913,0.158566170028948,0.144162574620402,0.141240693751885,0.134974407948521,0.134890782525297,0.139867203751581,0.135494451165644,0.133651352664691,0.133352164538776,0.133682790529803,0.133809695750085,0.128648134705775,0.109083217301993
0.173797636770451,0.193373149262925,0.183549751943279,0.190424277885623,0.175107626815338,0.160112195295927,0.152959993437633,0.156340159660435,0.144322134321363,0.138920645019105,0.135979956280037,0.132485125059934,0.133921725543365,0.134963358998209,0.131126053538328,0.130582427305908,0.12759400343279,0.130550217262037,0.130176644216005,0.112391537971958
0.174162678080928,0.196727246141988,0.201332672501818,0.191390533422236,0.186584183743236,0.166041871542499,0.161481661868961,0.163307116366313,0.153790780311985,0.141060355401487,0.140676470394618,0.135651705136042,0.140066805228054,0.139364727671825,0.133810465462663,0.136818990105105,0.128773891287128,0.132741428053146,0.13698088765439,0.114552461101364
0.179653510257005,0.19029932279215,0.178450615750456,0.180509443598055,0.181544684790869,0.157747389505441,0.164802743158943,0.159796860312494,0.142538897734595,0.138938981659299,0.135210143829548,0.131771654883853,0.129041282820802,0.131725904428227,0.132180602015946,0.12984136187821,0.128644282935479,0.130858921262217,0.1268771681198,0.112767947793764
0.17965781118917,0.182075699279534,0.165639863805575,0.178278517736422,0.170526730812449,0.148508384108548,0.157406843234971,0.153104386190382,0.136789175468389,0.135521302904304,0.131717043780182,0.126692915486823,0.125825179389724,0.126691862387782,0.125125511348787,0.125672929518619,0.127444835007058,0.130811971105678,0.116152294256952,0.106024115863779
0.17163016142533,0.195986790948444,0.184033702849104,0.185495572668164,0.181339482740642,0.152130473822255,0.159680046157976,0.156304360428341,0.144267621600523,0.140848348719389,0.129696931564912,0.130338593666448,0.133182125938665,0.129367330121316,0.127787055379297,0.130793967628717,0.122928742444331,0.134554479928864,0.130819169901917,0.11073955918062
0.164247097610605,0.213412832229014,0.210795681513628,0.194865562535287,0.192582968492105,0.171919040192045,0.167099119656157,0.169696379414223,0.166899752867189,0.147398581989497,0.143066116414486,0.139146649591229,0.137333598292705,0.135318419785432,0.139017210819109,0.123409515059381,0.135157935975139,0.128428570608432,0.138455535242643,0.115863198787588
0.195725857391042,0.205725988223487,0.185034193982623,0.190113291299658,0.181700512238773,0.159658613978249,0.173173072408666,0.170798605385962,0.150737022131515,0.150526201853211,0.147671165681234,0.150089046084417,0.137140292790852,0.140799592280343,0.139929492229698,0.142375309435534,0.131830832862986,0.141413848061437,0.137328511626305,0.119975750525294
0.191390764102104,0.209398034371405,0.182387961207035,0.19713192250913,0.182646906456104,0.149267566860694,0.161865183630102,0.168684430956359,0.147053407439997,0.149632840423178,0.144076336768486,0.136547335968078,0.15471368400256,0.1632949106509,0.13993831161257,0.134836728571558,0.130613139232939,0.139848695240863,0.137470419290432,0.109474052936082
0.181869892221882,0.209875419591234,0.184340189131128,0.192221732532178,0.168738080713523,0.153644893322835,0.149223809728073,0.165246922420765,0.143949521429216,0.126179853516378,0.138136094346286,0.132085991830418,0.147523197773591,0.127909744032832,0.130103458873964,0.126340100063586,0.121054742103099,0.119724531498796,0.125242546354712,0.105025579994643
0.204388639100564,0.213405795836405,0.183058273386424,0.200972625830823,0.1861963450232,0.160943126977466,0.176997048782162,0.179924789880934,0.152858570999346,0.159361358864668,0.137811392224824,0.134963682323493,0.139919637273691,0.151280275015239,0.138743793006926,0.135641770721616,0.127966206475222,0.141268241010094,0.125454585091512,0.120209789457544
0.192437033037084,0.187136450604471,0.169305464336708,0.182693041790199,0.171437797782785,0.14833184869365,0.156078233951073,0.159265863350244,0.139317365485888,0.140259223577834,0.128823889359952,0.121940048039673,0.122199129709042,0.132462804846911,0.133862633576847,0.135639430616809,0.126933423514869,0.134968135877705,0.120939945580239,0.113079358196521
0.187706064341941,0.204383502271544,0.185978132430462,0.195307879468997,0.178503851914786,0.14766704673836,0.159981066746296,0.173989959136034,0.141361269953309,0.148444176445576,0.132475241624636,0.128577298343826,0.133126414223578,0.138513219529405,0.124838451827204,0.114702480664849,0.121593511285755,0.128688860350694,0.114961145587261,0.103875667320435
0.170496975350193,0.199361302307645,0.20714456675971,0.19843842173338,0.204990919613505,0.17743735200766,0.168755743526824,0.1714857139805,0.152678217207017,0.151697166299594,0.143453535195987,0.141110927315618,0.149471933982894,0.144374601137397,0.134712412090284,0.139319936786398,0.134836864319572,0.144387105684742,0.157929977762335,0.127275636785869
0.198523132359938,0.214345748979324,0.180318451363067,0.200769865719049,0.189358592324219,0.159760877151004,0.156826635981076,0.15755491106443,0.134118267857394,0.137642148904349,0.125766824384468,0.136276984988639,0.123342971458267,0.136080635010497,0.14636472555717,0.13726575563525,0.115442459414055,0.124724463861904,0.128736243033308,0.119125905023885
0.198166694793939,0.200287294229281,0.184954916418088,0.18854333436611,0.179181538091738,0.150053164602213,0.170344387228462,0.17265410556577,0.145781472712317,0.151491566643886,0.148586486947185,0.132877964757722,0.134490462212287,0.147682779635373,0.135789594928966,0.131214494590948,0.130665442666914,0.138704004487925,0.134296489456364,0.115158691328162
0.200592216773085,0.20918199304481,0.180305105394319,0.206926433214296,0.183852333143396,0.148546720307377,0.159021185100565,0.155571496273901,0.145474471017441,0.139416408438747,0.131130598316533,0.129176032940171,0.131815781503789,0.140884805416844,0.13986903310603,0.133390228201192,0.130548787934499,0.14383317650497,0.137499031487028,0.119020517013209
0.206341716345482,0.214999368450996,0.192718696841942,0.203630768970401,0.195315366243693,0.171581021821733,0.171776579448311,0.172732014784739,0.153866982142516,0.149372993082023,0.144065376521456,0.142451896833161,0.139595266874877,0.143487599136824,0.140301177140108,0.137625907785778,0.13579634799622,0.142230914080561,0.134676114450798,0.119540079797785
0.200971159569243,0.22502824897514,0.215017131715506,0.217942260914028,0.207205238442999,0.181035112518674,0.182305754999323,0.184322979554172,0.167131253053031,0.159559350709124,0.155214882319447,0.151636533269771,0.154782230323498,0.156340730326327,0.149665539042048,0.148757995072392,0.144665357087223,0.149021176667988,0.151261278429405,0.128301112335327
0.202306498871753,0.218945387265414,0.212105568213764,0.211046621022781,0.204969802309695,0.180113941178316,0.184203025752466,0.18370107702403,0.166483956402824,0.159924014056972,0.158192389908004,0.152020010404154,0.151660740799642,0.155083041906159,0.152160681595731,0.15297834669394,0.148603144765526,0.149551752112388,0.150302850341167,0.132197914632769
0.209748935562623,0.220464929770007,0.202202903410784,0.210885274128502,0.198576638530804,0.181474793588608,0.181508285497047,0.182718074302664,0.16031369878576,0.159132286451009,0.155483399725298,0.149786412600386,0.151133937835183,0.150978134755498,0.153946917108817,0.146643442327512,0.149484931301685,0.149427277794567,0.13879836104946,0.128128544972014
0.195857703906937,0.213771304182301,0.199549284360845,0.210213239375818,0.197071823309655,0.171519345676459,0.175671235485664,0.177428911402254,0.155085825266409,0.152034188031054,0.151192346532858,0.149884928819006,0.148503520254885,0.149660842384883,0.142722963073296,0.140213307024749,0.142145936618602,0.145720370054078,0.135818305093799,0.123642692716162
0.191430121923992,0.207144781223347,0.192856492912079,0.200712028863434,0.18761228666897,0.166462940034628,0.168681734602566,0.170698072777066,0.149355374783813,0.146807001124975,0.146943375457065,0.141733714884699,0.140946585326437,0.142914278016117,0.14065002043647,0.136776061421644,0.135697488747454,0.140024218471087,0.130417098862153,0.119409996836363
0.181752209094554,0.196316124670185,0.190340414302778,0.190096582534046,0.188592160461836,0.16336861961774,0.16945680538895,0.171851633827657,0.150441334497502,0.150858376334523,0.148172162991979,0.141421187323852,0.138027084748618,0.141149561676405,0.140359285018269,0.139066715187876,0.134588067612045,0.139713909549781,0.136302896471,0.121244968784107
0.19029032681395,0.21273928983929,0.2052091457279,0.207380111640899,0.207500516085227,0.18334736546203,0.173289977810899,0.183562582693539,0.1637256624589,0.156820366687545,0.151021988127352,0.147984934920407,0.148077127239229,0.148810112659398,0.145968748816855,0.145414740309529,0.14133550927525,0.147726041283464,0.147309398375499,0.126670896496459
0.196936538304975,0.214045347607059,0.210543529594219,0.208388488937678,0.199541991075866,0.181768993385359,0.183593214806026,0.180435847027398,0.165135571055498,0.157863381090905,0.153569763960362,0.15257976788305,0.147610847847368,0.150625414957594,0.145270750915524,0.144935271898311,0.142476407980377,0.144375520555067,0.142360262125271,0.127921247093453
0.179599394856544,0.199844437292513,0.232188109719103,0.227935849899811,0.213215693829788,0.195298959232269,0.178951437319383,0.171962586217966,0.160122534354451,0.159217229033695,0.150563577947914,0.160624079353355,0.157568307715385,0.160016190154987,0.147592990093216,0.147944717087138,0.140327689576316,0.14130833355343,0.147741540655281,0.130611525955098
0.197015576727386,0.222280096470874,0.227713101519405,0.222580390620451,0.205214112111507,0.184471399396658,0.17279536205994,0.180322261358586,0.161703578356355,0.16493812000245,0.144900495463314,0.149251587677114,0.15808637930331,0.149881084334405,0.155322800951003,0.157338056852919,0.142241009272615,0.15860717341425,0.153833645826099,0.126590838924449
0.204392889210565,0.221625156866128,0.210421272694166,0.207778582077402,0.207072443196527,0.184298827415306,0.182387819615556,0.187917569331741,0.168212146922221,0.165012499122719,0.165671013638413,0.161799209082575,0.164326761691029,0.16068913628679,0.155545072606462,0.151916334292647,0.149995017397411,0.148334300091221,0.142872290655163,0.127157003338703
0.198542152858724,0.220726702338874,0.212792825179697,0.20731104867178,0.210613411661989,0.19171113612045,0.190650524505646,0.195744763459905,0.181424959146548,0.172429870250976,0.170416643411003,0.165676306411485,0.165798202883676,0.16829025933099,0.164475377336111,0.160227784681526,0.161172926802039,0.162775652077855,0.161400386361881,0.140657994143791
0.210130595040454,0.22435389407885,0.212445614463271,0.208300607644526,0.203696652851251,0.182344353537437,0.18114321127746,0.180033600519366,0.166279661477327,0.156404592994107,0.153768692691856,0.145539287896497,0.157743783316994,0.152727468915807,0.148715449626907,0.146110571441472,0.146883480518249,0.155540142340207,0.148873923614981,0.128409818502834
0.210424373314592,0.229504753970407,0.227402946043451,0.222810457256944,0.215163546840265,0.191362513223248,0.192891387545601,0.19144285593353,0.177831877923637,0.169719707274543,0.167065053351802,0.162236876262077,0.160167333006876,0.162561586516243,0.160050110121945,0.157582480582459,0.150315646990647,0.153974691885307,0.151619085585005,0.134201197102785
