0.297711499010308,0.261218149949964,0.284963418152276,0.267124661987739,0.262304252528093,0.270475160064208,0.25977324017079,0.249756704305069,0.271301824842374,0.271608075557099,0.267908177740481,0.264247559786183,0.26407602949466,0.272596959050238,0.272315387683501,0.265275415226152,0.275493802703483,0.282662452503803,0.271755759017455,0.291220368671316
0.256944831371143,0.24703190760568,0.240964270521566,0.236542359298351,0.228145065041178,0.244410711323584,0.22313749305246,0.210593716534704,0.231736941673198,0.240633115994489,0.23536280433847,0.233958760978395,0.237955382695109,0.239771325769644,0.24169079699228,0.243193214410577,0.221207281126017,0.2468275776734,0.254634590615955,0.257372858647426
0.228841642132211,0.272383966932893,0.240522431780934,0.24765096030012,0.244403705229136,0.235173769791427,0.241152987577978,0.218758131523133,0.224856479148007,0.24385985600804,0.22604192347525,0.229861754406787,0.213420910771553,0.232682963647982,0.292109592586458,0.237418443478205,0.229634122466026,0.236327237868393,0.251874717740062,0.259919609077294
0.248555801460392,0.260098918991684,0.253635705319833,0.24112326052858,0.245624701225036,0.244722190862627,0.239191427781427,0.226388418114397,0.246517653609471,0.241629336582497,0.246715960524832,0.240989555247847,0.225670308840138,0.240887464646652,0.259921194740067,0.241176461750162,0.246757497857935,0.268567557261368,0.252014031347181,0.256992230669384
0.235591546621932,0.253331415505778,0.237064374678708,0.232029356704986,0.243872785856337,0.233629745452562,0.224185289325989,0.248341341279708,0.25303531673181,0.23331453516836,0.237826558971943,0.2369496010947,0.238767050679325,0.248986105464712,0.244670861560565,0.236178369492446,0.241942023522085,0.243942434772136,0.253807604195748,0.25904640460647
0.250203577407318,0.231847380532361,0.236306879429257,0.227961414193211,0.215582629937482,0.230380155095548,0.216292404576651,0.211329662589212,0.225678853739773,0.232791554249527,0.222345592913803,0.221790004078787,0.224208202411285,0.231024389572516,0.220873583053033,0.214801874518089,0.230918761553531,0.22875761409632,0.22025586915497,0.234653976368214
0.22314853007725,0.226219991892299,0.218715379999811,0.213743058439852,0.218303972886401,0.21994962786618,0.208947614109567,0.221013384883016,0.225957249190779,0.218477279023451,0.215630612039871,0.219879713748215,0.212422135336968,0.228451660488363,0.221860108394876,0.214487022862873,0.226217976700339,0.223126505965649,0.230163379774967,0.235450960875184
0.273791884221961,0.254864592855187,0.267177039901277,0.25170497552454,0.242419446612196,0.249215430531677,0.248273687681981,0.239117448435729,0.259655348874523,0.262053155262767,0.262894422942629,0.252581259928349,0.257322176465817,0.253853446749031,0.261631390968083,0.245851818838338,0.258173535439106,0.272858106301992,0.259280332827121,0.272256321899689
0.257774025891072,0.261244553186065,0.258205481434526,0.260490110051527,0.257244041655055,0.259387081802005,0.245132280910384,0.250801361978038,0.262773491215067,0.263268230546631,0.255164177610645,0.266581520181781,0.258115300280879,0.254461994575025,0.260011463673793,0.2506367058009,0.261718290843017,0.274685868155913,0.270717543651975,0.280685581071121
0.270966621824964,0.255690157303512,0.260711704060989,0.254625497605044,0.245660904675226,0.259640830715615,0.242614649354485,0.242261465943179,0.259684472884623,0.258927868275351,0.253794019717558,0.257689383410076,0.251099352920046,0.25847547539216,0.254910610505047,0.252086239055091,0.255443160891702,0.261856955192505,0.257005384362531,0.272213767980943
0.280357363939826,0.241555888217978,0.26590034936174,0.252382477634195,0.244730659624603,0.255549294575836,0.246012449403634,0.236318898988053,0.255119639818382,0.259699137901116,0.253661839172923,0.248230318198546,0.25565784283518,0.25625181484798,0.25685040022312,0.250258130576548,0.260873430414664,0.258561742163463,0.246561373973257,0.270783522247147
0.274387047665851,0.254534351951238,0.265416848996352,0.251785382308681,0.255617352772053,0.256296737453775,0.240062162380621,0.239362812531831,0.259609099925905,0.259613358831333,0.250387591915293,0.254166804685946,0.246950170529296,0.255135135243615,0.261046407524206,0.251591791885457,0.265102265042408,0.275723246619871,0.267304286644076,0.281263035464735
0.261768891272396,0.253539387890274,0.253883568212519,0.245810865077692,0.246838032500504,0.240747780114969,0.243592735988869,0.231881287305771,0.253672594435085,0.250775632528391,0.245366794282783,0.254216497627102,0.239191726584406,0.251758268640948,0.254362332381079,0.240096831629018,0.254465601091582,0.267761213610306,0.258084417826741,0.267259595313852
0.290002731733476,0.234093927884427,0.264833112317602,0.243371328672426,0.250525909259386,0.250937581799413,0.236281935456578,0.237285042062124,0.25722879090211,0.249548936514185,0.252306022464578,0.243090392744771,0.240822828573486,0.253936069652876,0.240032954088944,0.241535397802445,0.258913085156806,0.263490688757817,0.246736686932919,0.266477281591104
0.276357556562326,0.216319054937317,0.266384100367975,0.243484517214546,0.232137170479326,0.245368374007825,0.248367781484497,0.237671607169275,0.260253400229991,0.252956908780882,0.242081732591206,0.241341033941776,0.240066679134593,0.246282605776786,0.254586979301214,0.24141904847098,0.259530618193487,0.251090694725861,0.230448013872952,0.261449163203582
0.279171681947868,0.231763252396779,0.259941319764684,0.232478596568607,0.258200529530356,0.251736860387598,0.239564281114135,0.225187946856985,0.263065670699592,0.253413610156751,0.26068873385164,0.254686197057109,0.24171690330754,0.260743356103803,0.239645614961135,0.234866606562623,0.269605004940007,0.269843822937244,0.254218691446486,0.266522236229624
0.234699080414138,0.258027693790039,0.21918274744411,0.241758613505616,0.22078352663578,0.245481577764391,0.223660077038447,0.225898083767787,0.255521320087969,0.273328874115634,0.254450296698495,0.251341992649174,0.259831916062776,0.266747656531589,0.234337898679354,0.226821947076231,0.250620932074824,0.242478827233573,0.234598318053144,0.240429333165353
0.258849068467739,0.255768064238548,0.223149297202399,0.250750165685576,0.205757537387983,0.261781144044606,0.235669375546141,0.219674201988184,0.230007190935923,0.269288404020917,0.25559413195052,0.269162556293195,0.2416552754163,0.255088012984209,0.241469075937264,0.248545844457461,0.237184582873857,0.255193273634513,0.233237040907066,0.242823727865366
0.258207619502231,0.261944056231095,0.238513810635981,0.235895168068354,0.243048939177061,0.249554110519671,0.239706093806722,0.237599443204177,0.255408338936891,0.248025143481951,0.239906165686334,0.253965872448247,0.256862432722716,0.243779923520418,0.236939384126306,0.238119527668193,0.246543686623168,0.251879484274458,0.266937093941024,0.267986753851447
0.264344237060518,0.258795528688663,0.250401818533886,0.236303794289766,0.274960102131981,0.253714147214055,0.240214662115541,0.231924224972465,0.248914855835042,0.237007301805203,0.256836637218647,0.252099510660625,0.233258426095721,0.247950520754,0.239401366121423,0.246305990671401,0.25930610851462,0.271253661034858,0.255190597030194,0.265670766926619
0.223911691514836,0.264671447692217,0.239886165352064,0.244269086230169,0.229892810353125,0.253904571164809,0.228811225338812,0.236267164704944,0.261819738640447,0.25495872776961,0.235620906955037,0.245104051431458,0.258544457387442,0.251221445662285,0.221025122949471,0.227570799664195,0.241704926393745,0.224574355700153,0.243225753653529,0.254195453717918
0.286006646668596,0.205565047291654,0.267456278157775,0.240170043659659,0.236527608082659,0.231510456815179,0.213729901808258,0.227626182250408,0.234112169596407,0.223699646293386,0.223313148184278,0.222452439534289,0.236813170351184,0.25301201448189,0.231817861934993,0.230833809215145,0.25717140547137,0.239219277309214,0.218008550962739,0.259241596842517
0.259077379304978,0.245338515912168,0.237403660448812,0.227704034492899,0.248974557374156,0.235160105210616,0.238799114424966,0.228275622076837,0.246119509027955,0.229707212541087,0.245753038202408,0.237899881571904,0.235671635424406,0.245712090549114,0.233340324019762,0.239675331909626,0.263537712319621,0.268737444672698,0.259042710381438,0.253501656113934
0.258058494588812,0.274146355861856,0.257938458549353,0.243349054972327,0.247183998844544,0.251339908982892,0.240696513188934,0.237381517496831,0.251244529360463,0.239410721508566,0.230932002025887,0.251403891989425,0.251433179826274,0.245957825590787,0.244426839701255,0.243107206962405,0.253439246019118,0.258979260788659,0.266275602837181,0.262917893944176
0.265117490185265,0.254433540311617,0.238919552484292,0.24175555857107,0.253267369769186,0.245752528185782,0.24121744986828,0.233278995715469,0.253982795107655,0.236864789113879,0.234351430645962,0.248661284025956,0.251708085763574,0.248879346241481,0.239376925038981,0.23560784561648,0.248677528188464,0.259241229931353,0.255099229670995,0.253500939202841
0.261654843143754,0.245465866334802,0.251914723812562,0.244025724424416,0.243915695001755,0.247707169962384,0.235356685105714,0.224691513656902,0.255999939664824,0.247223388507626,0.248781949896552,0.255284545036117,0.243122059982172,0.259786975225086,0.235166403588158,0.235551496056867,0.255657243329904,0.256580848388291,0.239141353904417,0.258301702325857
0.269649669816413,0.244597949819377,0.262770011449156,0.243141991785064,0.237178315560027,0.251910565783472,0.238995787579714,0.233827645537998,0.255990191637199,0.251184206713044,0.248005003186726,0.249532318168664,0.246028295887171,0.257105073454445,0.239972719363032,0.23935099846478,0.260253528816885,0.256044194863349,0.241039561237673,0.262142767172077
0.267462668682543,0.23864541373585,0.258645800705332,0.239925028769406,0.239275925579404,0.244884321879448,0.233856012216497,0.234247163691248,0.252158949266223,0.244239635237521,0.242402688509114,0.24151543763008,0.238411312516389,0.251666987216479,0.247474179783906,0.236926142715741,0.258854474837458,0.260923743527464,0.240159463525377,0.266533081348308
0.255801890304096,0.251113912341062,0.246529817694918,0.239979208377074,0.241874528177707,0.239896078855575,0.225040304234077,0.236909081755851,0.25065039510581,0.243608872203249,0.239948110342253,0.243424404299027,0.239980482536454,0.253985846844291,0.248758892708995,0.230265432719885,0.24709058117799,0.25597073968806,0.250323066313084,0.256320949047784
0.241842351014782,0.238842086717405,0.245810286918834,0.230237612775162,0.226063858485775,0.246436431567982,0.229119436208134,0.227937655853609,0.251200919810572,0.254742612854905,0.248031421341795,0.240875426412369,0.242311904940957,0.253687012359689,0.236502685466554,0.230087343476922,0.249463091611287,0.247855364565875,0.237576554318699,0.253998124543454
0.24383591848164,0.237877091622221,0.238858709016166,0.232354799633064,0.229738125567104,0.241264906030815,0.228621591831918,0.224443450244273,0.248179303876595,0.248885259366416,0.241050171201946,0.242813743847589,0.237433094808156,0.25213263572968,0.239741113945087,0.233589653741848,0.250566884542393,0.255127196955943,0.240557275555984,0.259970893551323
0.25695068488814,0.22620049918888,0.243292409175925,0.224122516980118,0.227801508646372,0.235833860863895,0.22591023889594,0.219730981581844,0.243315629152867,0.240037474702404,0.235370077387793,0.228507478484038,0.231910876437556,0.241720666886749,0.235724373036748,0.226066507718075,0.24658624116116,0.248224706264479,0.230994820971793,0.248757639037456
0.262149857460305,0.243559954592064,0.252283805959566,0.238050642466753,0.227362567281344,0.241265900761172,0.233242396348919,0.227705405081952,0.246395741246689,0.252795731703875,0.238563639241287,0.245649698817327,0.243803346936699,0.254039965388583,0.239244979083131,0.234014548934617,0.252682034404079,0.249168170426238,0.239510238591048,0.254799671812203
0.250806055713322,0.222351043778217,0.240296142820083,0.219216155730773,0.224220144936673,0.239569585522883,0.226586912020719,0.220027662472616,0.243672756614458,0.24654781789338,0.236761162210791,0.229191272053074,0.234206828729968,0.237058867361513,0.240103037631888,0.232182365074926,0.240580044209508,0.249115971227004,0.240229704270079,0.251736367398423
0.225092458155735,0.249219828407435,0.238162862403551,0.238788493133985,0.221266834983187,0.218895831877172,0.229801362575376,0.222495711864671,0.242467264745427,0.245045532405481,0.240997036406343,0.223401286016856,0.233617839542362,0.245018396123116,0.229376715742732,0.225758578172055,0.22922556038457,0.235774216426408,0.232894502468628,0.247799311328613
0.245071809687349,0.230768609536188,0.247018928175147,0.231961954746381,0.219070494648726,0.235111791720838,0.227287015261552,0.219387296922098,0.235715004675595,0.24402318344264,0.236898468335811,0.229450278767541,0.244586517400518,0.246224414538525,0.243562050390817,0.230277553221915,0.242757423786691,0.241182962515101,0.234275487318867,0.249871256459129
0.250233301032911,0.234951808641404,0.238832808667607,0.229769904595667,0.227964198489374,0.234451304495043,0.227967933527184,0.218429055795305,0.241954963972978,0.236885799227557,0.236650990051779,0.23848620206661,0.229103292499377,0.241373949213742,0.229738348358896,0.226781964711013,0.235366246337343,0.242752755614742,0.233316073981445,0.247979355300342
0.250475862344213,0.217145648467556,0.236381106532409,0.219398622960725,0.212351695571119,0.226692725048248,0.217140323331391,0.211122410885934,0.234328567855914,0.235281236233507,0.231399144189393,0.227322597737717,0.224986732820554,0.233319302836306,0.230497870931855,0.218579934009496,0.234801867906678,0.237812572845844,0.226223235656893,0.249980098786481
0.239711479928787,0.235644506228169,0.227192390333446,0.223104879013943,0.219761473456811,0.227779763688786,0.221816273426864,0.231346354918324,0.239852643435369,0.23575441745051,0.229156876420845,0.232825000251084,0.230616002995539,0.241494909526623,0.229786712309922,0.221702591052162,0.233117298538094,0.230405592936557,0.23361313021526,0.249861080011273
0.253840085694776,0.228587035554451,0.238758430422632,0.226649271394561,0.224247094580469,0.235046585604775,0.227823258832825,0.220842031267665,0.244396251510723,0.238613014612202,0.233775132040105,0.233106714833229,0.235244459514905,0.241516452384892,0.237290918322029,0.226892899587546,0.245279888360466,0.246749692852151,0.233409942733046,0.251150393352328
