0.163514084471714,0.176644658650622,0.191315272887558,0.191706212025475,0.19854738003036,0.197715265246443,0.18749122889854,0.188380201489309,0.187864014906459,0.18143180356347,0.18018903034556,0.174680020074128,0.179991344883693,0.177501503348577,0.182088802943334,0.184323935693237,0.180582708525118,0.18137210760617,0.171068370464611,0.155672400608038
0.160287823313734,0.176341144019659,0.185702441050249,0.18126056287784,0.188496238229837,0.190627561877605,0.182652357718323,0.184632235729281,0.185269092477152,0.183940055254066,0.180963356625239,0.172304882822666,0.176976604890151,0.170367540540598,0.179276175343413,0.181816743464397,0.173460580977763,0.171743506408923,0.1609387904933,0.154598481296783
0.16663762047846,0.173431135758035,0.178269307982656,0.180641694169832,0.18528938922178,0.185057047513491,0.174682607319072,0.182236769668857,0.185764277157317,0.179039013532668,0.16895738354361,0.167618613035383,0.172020118616903,0.179865450983558,0.17551852574499,0.165081623492837,0.170672637037202,0.162658879844936,0.154110998821854,0.134939381758472
0.175282300271404,0.186109757144522,0.199755775017141,0.199524453147854,0.204420673769932,0.208335638573448,0.184763656384741,0.195002076486296,0.199374812139016,0.188548564545898,0.181530355546818,0.178970349270077,0.182284179691167,0.18646745319035,0.190089633635283,0.177702323121273,0.177938028476604,0.179775944194155,0.164933468897974,0.145027303647054
0.181522713360993,0.198402364887762,0.203186536835232,0.208638691084299,0.206257840168033,0.203984528176427,0.195118795800474,0.197536861457541,0.198682351804087,0.191572664271402,0.182510548608836,0.184529460006217,0.178306886093701,0.181889856434259,0.187439718802027,0.180454259532683,0.182436436632067,0.172284004185688,0.158055544328607,0.136639424992328
0.187445711336338,0.198288450657034,0.217407859883672,0.220512388903516,0.229590777472692,0.232851458903629,0.217392640380852,0.221053824594653,0.21256328242084,0.207597240222111,0.201963952581598,0.199516357365365,0.202692120591968,0.194203020395881,0.200528538188583,0.20270896922894,0.189279494467867,0.192564508259338,0.180524343600159,0.161070131957011
0.201784978137888,0.219481085037875,0.2293439726213,0.231176644879027,0.235368349988236,0.234583009009944,0.223448575783941,0.224524310616379,0.219271746583699,0.217965915485404,0.209291168124052,0.207763955385061,0.203434120341576,0.20612093965505,0.211548086504193,0.204840646529851,0.19945234581942,0.195214412950146,0.183527579006259,0.16229843557602
0.153280852354923,0.162273924198223,0.176348746667171,0.180308072451852,0.189916846604356,0.185657862716943,0.184312379321862,0.186713851299165,0.17403297746927,0.172756492923982,0.168670787324671,0.165195306761497,0.170918039786842,0.160786652569596,0.168348756717334,0.1768745967628,0.169899162577735,0.172293948483213,0.160370593029739,0.143121507099687
0.15791717772589,0.167389168231171,0.17721226076265,0.180465315633255,0.184400592747413,0.182720480391664,0.176468162355953,0.175707006105773,0.177098634209366,0.172682134038558,0.167902268087677,0.166078214800322,0.160517457398969,0.15656910007191,0.171066492093753,0.168283916176618,0.161468344225393,0.164415255964277,0.149979203053734,0.133497923897121
0.159026978302921,0.16828269587099,0.181775615556445,0.181693334680034,0.189478624765792,0.189050684508055,0.181618059420124,0.179263488694727,0.177412392598741,0.174088954008864,0.170482337027107,0.164901855666159,0.167886715625862,0.164589171683016,0.172014397104156,0.172747534061346,0.167853994989465,0.166286780398233,0.164103238617659,0.139923054691296
0.159754745085619,0.17483825833387,0.188869199302347,0.192566351578838,0.200133718875667,0.200129286034666,0.194988221892201,0.192673209053312,0.186586810282115,0.182863986380218,0.180282984857667,0.174138465210483,0.179111768582619,0.176132809689006,0.179488748133145,0.18477042801648,0.179461923294026,0.181710422402165,0.176315503666258,0.15653408831695
0.163298984877004,0.174968435044392,0.190198329710134,0.186309827336297,0.193600167434316,0.192353495407678,0.175316278224353,0.179699755302093,0.184623687754076,0.175375827578725,0.172673210389765,0.169827545440109,0.173938159308253,0.172095219780257,0.174252970852557,0.176176831383907,0.173132255430925,0.179560729299669,0.15923828693278,0.143587182975536
0.157897050224661,0.170513417557631,0.183889188473568,0.183322787700393,0.185639478231419,0.183341186478116,0.170788449799284,0.175662459463203,0.175585191561999,0.171220918663424,0.16103921561136,0.166910042890257,0.170945907460379,0.170166479069614,0.178067943429646,0.175265537164243,0.179695810782221,0.172255386089974,0.149672540463329,0.136419676642489
0.153759553092855,0.163367643558576,0.185690312297701,0.188972451212067,0.194581383763676,0.187416820340019,0.172566038499836,0.17874090425656,0.178132058217891,0.17777253465174,0.164497849822208,0.159247059557735,0.163888726295383,0.159959314797599,0.166897249769744,0.167336706513801,0.161097778132313,0.165306199405738,0.152584717569023,0.137561026419374
0.15231112711231,0.164224063905811,0.177507624239352,0.181853528493943,0.18948946693201,0.186739862066922,0.18290561968493,0.173723146700401,0.171014183072361,0.16752398603138,0.16968854112941,0.156284939525112,0.164827808103764,0.158997064075151,0.163668949336684,0.173116385655503,0.16769655800867,0.171353327253931,0.161075081455931,0.147305774396098
0.162523301389954,0.174038697029755,0.195708086427119,0.1978122317296,0.203706071478612,0.205384863102163,0.176631262368193,0.186613537058417,0.189124857518145,0.186844932188413,0.17919460339539,0.177305799876106,0.169005791929204,0.16384281485352,0.173268593159193,0.170522233597562,0.161297052619096,0.170677589941918,0.150865631846347,0.138546718586179
0.174262122042268,0.178418970205111,0.203120121499023,0.201707976681286,0.201520629189196,0.204330776212979,0.191168750840642,0.186951853284334,0.186330267467204,0.1748254333832,0.174214006859389,0.173522553413454,0.17336056092645,0.164938966829687,0.170035116451119,0.178562243528111,0.172579999885316,0.170942624389081,0.168624504814982,0.142181946263403
0.160470733318803,0.154677978993544,0.175954006533175,0.175146850582432,0.182138989335544,0.190369854092823,0.193918804014166,0.191960367964034,0.17866709990209,0.18238267887647,0.176368298330118,0.175382132366109,0.167847609333716,0.164076691798416,0.160087855989691,0.178994337639419,0.169541327911263,0.172757473505637,0.161175078292166,0.131044195924463
0.177037490455621,0.213431601694465,0.200856701385733,0.186361300970945,0.18808569536281,0.190148970086454,0.17321626982581,0.184201652394303,0.186005342791539,0.184396712083962,0.16981133726813,0.182738639504692,0.165080921188631,0.171059990075279,0.178737043572148,0.168967910968657,0.156065535908788,0.15878089888537,0.140586100540588,0.126799615756294
0.159156403180764,0.169846783487545,0.191070188675663,0.186900759780026,0.18916235338991,0.193249413539835,0.164436428513051,0.180078087825809,0.170751219616625,0.18672648926419,0.184883641073642,0.181053164883116,0.174111376618488,0.166348103498551,0.17935130460392,0.161674842034787,0.166333079355016,0.167772439272366,0.145372433571625,0.14658753565562
0.175817840211386,0.17890809220885,0.20070167838203,0.197770536418458,0.197266851192914,0.206125262970707,0.187533515232941,0.189529443451138,0.188008837136562,0.179169241262238,0.165528875088698,0.180120838941249,0.172146263641736,0.170128961931054,0.174224655876267,0.176399039282731,0.169958560250983,0.172719284674565,0.154890039754191,0.133699574246827
0.157831733022479,0.171684959558949,0.188930442681868,0.201143331300351,0.212766126340154,0.199168405180515,0.189787389907327,0.186698342511835,0.186568730640472,0.178387911617661,0.171144683471034,0.166425333155986,0.184807513423015,0.164509788105665,0.171950650597274,0.178104687390518,0.17673086190346,0.182938595737873,0.17012736158034,0.14421668427092
0.167191268281456,0.180789359247034,0.187111625476222,0.199088640955346,0.19817753745414,0.199071162791367,0.181289061818664,0.202474737974891,0.182948930178559,0.176759589354303,0.166170466215784,0.17728355809895,0.178519423945717,0.184564377084203,0.177412987283281,0.18247358546094,0.177442301322158,0.185734847902874,0.161022722633485,0.150069702955783
0.185284848048935,0.185777928094721,0.207132468196463,0.207957986222452,0.208862441147253,0.215436180401062,0.207562773170816,0.187365289767617,0.195070560910104,0.18204593103636,0.173061942284238,0.171516445198337,0.168954587524285,0.167888414094618,0.174224242752872,0.164602382250514,0.162789019064628,0.172247564770537,0.152084875464764,0.140057499829396
0.183974542240681,0.19023339469579,0.211481128279056,0.21264037910909,0.215220832571659,0.221741525919556,0.196262271304961,0.202439082460665,0.198760270886959,0.194177138164674,0.172841397137613,0.172591694250346,0.172984261075258,0.167834583609468,0.177024313528943,0.170474569354234,0.164866435186323,0.170693840561642,0.154522312373429,0.134191598230945
0.181234828830562,0.198042961749345,0.213917346051494,0.21663101724232,0.219277097230118,0.221207292755392,0.199607156935561,0.201644251697486,0.20035917268583,0.196592816906619,0.196697862139436,0.193846016037716,0.189981090628199,0.186482372940926,0.196239308544184,0.191189088234365,0.184480710236533,0.189991932435437,0.174692490200762,0.151481897452455
0.183578266630887,0.196647074598967,0.215865921419499,0.221025080635902,0.228158021047391,0.231571363732221,0.21565499848662,0.214141510497217,0.21127405314749,0.202653564401408,0.199288977954762,0.195805217017982,0.194944499693765,0.192016024668626,0.201371821850832,0.200484582642395,0.190470444353747,0.198455495819503,0.179545282803808,0.157647066352658
0.182973443940193,0.198175812749025,0.217030453290351,0.218713849552093,0.226052634256407,0.223189567864101,0.208004084060556,0.210611110031837,0.211890557519011,0.19958745928364,0.194482725731732,0.19253932948392,0.195229347637483,0.190592563136231,0.195981004706522,0.194709284270444,0.188083777705692,0.190469532341455,0.173139598530338,0.157485644776456
0.192499368364515,0.207995093045146,0.221563437787448,0.224378865579356,0.225566948916172,0.224518847050034,0.210347895401604,0.214907755225275,0.216641643829719,0.206926273180963,0.199782271300023,0.200281734002916,0.195516068733083,0.201703400436079,0.204402093075231,0.196970019905383,0.19806989131542,0.188808010917047,0.175874862859732,0.15276632292551
0.184274488914394,0.196687589172856,0.218398524250966,0.220605952960898,0.224118797738587,0.22579701024471,0.205292072071568,0.204716299263818,0.210659360333995,0.202621461734431,0.196821459322576,0.193261465041097,0.19378877057275,0.191063435800625,0.199340386032834,0.191824082265958,0.192156939968725,0.190089004510406,0.177089678813896,0.153212083345332
0.178990860603722,0.190364704620931,0.210650664298032,0.212992960279643,0.21694686986726,0.218265400383832,0.202440856996531,0.201518990375416,0.203529513650435,0.19712225766049,0.190601546105613,0.189330348078224,0.190045243076999,0.187824098069606,0.194685434072752,0.188791670570925,0.18737162806718,0.186595933942457,0.170956933855988,0.151139249636735
0.1708007664589,0.183587766388548,0.201932676771147,0.205151803212907,0.210092853267254,0.20805490592531,0.194105433439124,0.195754436151358,0.194639864599677,0.191791989791062,0.181142895923803,0.174269880169965,0.182449917113854,0.175404800693672,0.18215123452722,0.183793181951418,0.176151844920173,0.178860010980664,0.166799698435396,0.145249853949956
0.180691708212504,0.188676683981157,0.203926667732264,0.212770113601414,0.219243303565543,0.223441645690032,0.204990251316693,0.20963085136628,0.20658375051039,0.194816127116335,0.190485723066714,0.18565428880368,0.191144417552935,0.18195087087772,0.186140052148527,0.189105868628809,0.180140814502396,0.185027967095381,0.168394747022598,0.154103164762383
0.177903277009195,0.189496240326371,0.205815699152934,0.207157159403603,0.21302411286046,0.212445505370691,0.198055285202697,0.204978002012956,0.211986750820131,0.204280684536807,0.202451032473151,0.200399223717152,0.198517134283264,0.196054226024906,0.196838593994757,0.198789465790882,0.188175883917966,0.189486270146926,0.179031369266375,0.160624053923364
0.177504144531717,0.195928991827981,0.190153008393659,0.204321985744063,0.208026453386493,0.210641207416198,0.217383651370193,0.223888480223055,0.212452191481993,0.210552975606009,0.200918319566744,0.188092339366099,0.190490842505187,0.183043828803656,0.180901204028861,0.186273869924531,0.18226186063567,0.181278740747523,0.166449469419663,0.162389032213011
0.179446784811966,0.186677015576319,0.204745578496698,0.21075320235221,0.218545020456817,0.221883581148286,0.219252541004303,0.216778230023972,0.209840084372194,0.201893830613927,0.202142470250446,0.192786762891965,0.200603740024204,0.192573534140272,0.192076406619629,0.195436438158308,0.184424095218602,0.186213485756736,0.178819495352891,0.15830896368554
0.191590362476323,0.198675548019347,0.23373809252634,0.236557220329056,0.238517143051808,0.234675065303508,0.23698546862954,0.226457309130703,0.221214988743579,0.215450212605336,0.209988735912526,0.211888665900965,0.196074269630817,0.206283494375718,0.21477600914563,0.201059064658902,0.188689609560937,0.192497925477434,0.18055046068776,0.157580475613925
0.18875562048239,0.194547982815903,0.216453053645442,0.225046832002034,0.224946053178749,0.234931068398643,0.214746601939975,0.22581777092228,0.219543797102176,0.21507872665233,0.210318015159748,0.202109798197223,0.203696353216927,0.197436602415742,0.205324087083372,0.207586739262092,0.198604696600724,0.197540337427374,0.189113449459158,0.161327917491138
0.193342057923982,0.200807213788065,0.222239052723495,0.220988270810287,0.233793933635304,0.234417722758061,0.222551703773879,0.222014861437979,0.212620049613704,0.21183270101128,0.2032462420081,0.195841236467512,0.197095737680607,0.197541464394565,0.20196436672304,0.197064394040848,0.189840451299741,0.191173518430853,0.176131360193546,0.153954060424541
0.195222572626882,0.210584995763268,0.228605769971205,0.234891083681344,0.244597034526399,0.245222593219795,0.231005330302603,0.231486231621657,0.226389474981802,0.223283651872417,0.216966279016596,0.210060461828613,0.213108453975155,0.202423212057805,0.213720538649831,0.220265844475347,0.20914125747347,0.208570689122692,0.162464905295488,0.150450696683704
