0.486897667178195,0.482197450525393,0.471851254245973,0.482843062635777,0.499771354889769,0.509294515147004,0.500227641371316,0.518428164388415,0.504037155873493,0.516173490113716,0.511094734408962,0.52566416846622,0.520558956722388,0.497035704783172,0.488485901387258,0.465554384481785,0.472619352652093,0.472403813806753,0.496476829307924,0.485993796064904
0.477361182159642,0.474898936488898,0.487195571208531,0.502239973781202,0.498017930185956,0.514429791452987,0.488460009106758,0.492707984152189,0.502538591720116,0.490899200837274,0.51934762688867,0.527492709062411,0.533035800241553,0.494616871578569,0.492077241716178,0.457387459698572,0.466525752309817,0.476845363739346,0.476298371038785,0.477268881748122
0.470203084999628,0.443827229206841,0.489917325147796,0.472460877530806,0.492313196229004,0.571300020103022,0.451647498635433,0.504854446397352,0.518793190421103,0.495496014055419,0.51334125893895,0.498358669355737,0.508073850943894,0.458714800055417,0.514110401625307,0.459066114044339,0.47367582829074,0.458505634177529,0.467102210143273,0.480502638058149
0.496960196759409,0.471400238637373,0.501671502095419,0.49522362932997,0.504893930030728,0.547897344810111,0.481269733144006,0.520590640205393,0.523566274833006,0.515668690125477,0.511943551639935,0.556495917515104,0.521565933672476,0.469488319189889,0.50870668048578,0.446075412089843,0.493813516481963,0.460859810676972,0.511259593085674,0.489550184544276
0.504580356778456,0.486782516380215,0.494248850009886,0.497997776465302,0.50863762221488,0.510260598199734,0.515528753468018,0.506836906194717,0.512572409237184,0.5130436430243,0.531605849925859,0.528630726206564,0.512551540819035,0.496386067282526,0.497481056935043,0.477695898636206,0.495320585006668,0.492000303009716,0.495985774170805,0.491218577167664
0.492191574847067,0.496677586257363,0.510896292033103,0.504230754982028,0.526816899662431,0.535407971954485,0.548549846368381,0.543137115319242,0.536108505128711,0.547367219823233,0.557926231392763,0.552366834379136,0.524989925872576,0.528676590714823,0.521038364346357,0.508709912739795,0.511067408012054,0.513518102171367,0.529741614905745,0.497819502004979
0.520077974082048,0.509500992156136,0.511619326984691,0.522188287963262,0.529156779380154,0.533498398149984,0.538321186942307,0.531417023914845,0.541308542138794,0.549398268306353,0.561143478962503,0.564077766232557,0.543670805572871,0.522075371926171,0.513340579795626,0.5031307783314,0.51520740917617,0.52247080760407,0.529019665754464,0.518591328364163
0.435483348689113,0.442721398031863,0.432666188425642,0.44893467978699,0.464229140103644,0.470361421510071,0.489541805751123,0.477270167482926,0.477900780299017,0.472054626768624,0.468157153497225,0.479497087230414,0.472638215854574,0.464309478319835,0.455833541126739,0.450484938094215,0.447606939722036,0.457350195812121,0.474783753551256,0.459586921415547
0.446794121953342,0.439511300725665,0.437319671124509,0.455578933981902,0.466677846497781,0.468406906716912,0.492106754963393,0.473174477234637,0.476381700470474,0.471533704859894,0.476409290097238,0.48265658900038,0.476260919936689,0.459448093303634,0.456728127268109,0.444992113180729,0.455619158945654,0.455141672055545,0.472657703908344,0.460004298000009
0.471831288945491,0.468280571735073,0.461451211353804,0.483839309669345,0.489898659243948,0.501509821010178,0.516324113311047,0.506587809054534,0.497248880701037,0.514648442945099,0.499680065580557,0.515407674337427,0.497940650302641,0.481090932029627,0.479412647787256,0.46242477893177,0.473295390207065,0.486721387430723,0.500318216046336,0.472330464144159
0.482156515394072,0.493908295550234,0.471757727402196,0.49509554791815,0.498244172714263,0.512700830944545,0.522842302208668,0.522574157801846,0.513613668849124,0.52267483405506,0.508925710810342,0.514191422158802,0.514875231046081,0.508262081725363,0.494355074328127,0.486422486007019,0.467166665930135,0.487014155564904,0.502299225684557,0.490881143791616
0.497013136431898,0.482188450567529,0.492989497581374,0.501535639400607,0.515443030185799,0.531932912004637,0.503973042996732,0.51985409604749,0.519588017422034,0.530171767153536,0.528594019578094,0.552988426333069,0.536826050386751,0.515455954164205,0.516856736879808,0.464589928213757,0.465380588085984,0.471844002164475,0.523904817252261,0.52283610149504
0.494622239097161,0.481493411232973,0.488044347652936,0.504295604370589,0.506001189000125,0.527148739731122,0.510106150352787,0.521044304945425,0.517826890519356,0.529747860502047,0.522847447744688,0.548930165643565,0.514321356310367,0.496956622726741,0.490744120484117,0.449618551861273,0.486009287453175,0.473275539594861,0.49321641649074,0.472339255878587
0.456060713644307,0.459612507562326,0.451761694184381,0.463010965635929,0.473751818835285,0.493134438418443,0.488799800459755,0.484066013311858,0.47561011156805,0.511610264255559,0.487645878699509,0.506316424499169,0.49031162540318,0.488477364159818,0.479132890933667,0.438301673556938,0.454182818339099,0.451685579774495,0.481455829568927,0.45497028186938
0.456287957145054,0.485344784760122,0.43903614612473,0.461041213685534,0.478255749146862,0.483951800583977,0.50062737188245,0.518213864659345,0.488572366483112,0.508951777038902,0.485538396817616,0.486063600697964,0.477856397573017,0.477974871232438,0.463321944438943,0.476755749149641,0.444754983678544,0.471398058187925,0.497337682542738,0.483304934524911
0.475219433246908,0.458948796107631,0.469849666585956,0.478464378415482,0.50520265257551,0.517036345226302,0.481770176223227,0.5403106180395,0.523914202393481,0.550924417767055,0.567455426680626,0.562758660854667,0.567372549361016,0.546740690902916,0.545252684414446,0.478932997969782,0.529688071353213,0.485832810945811,0.515298833702556,0.486757063401245
0.45638418159236,0.439584649627149,0.437804330852777,0.49705599742629,0.471514755093811,0.432427827169473,0.550457996750488,0.479601144948777,0.488756698607998,0.472654087271806,0.490998545048006,0.458721173292986,0.471989059661866,0.447863011527462,0.478935267910748,0.475863932993702,0.458241266739233,0.469943056232186,0.477880614429449,0.440163680811465
0.473467465157253,0.461258158859495,0.458941501557198,0.514146945795979,0.476983501226447,0.498413790523446,0.541488885993676,0.509797920581337,0.507116548770814,0.488865680243157,0.479144527235353,0.505698963074827,0.490882577322338,0.475967892261212,0.477589913251639,0.484158453498842,0.468217663153611,0.472013699725395,0.462245009137675,0.440047256534062
0.47909286058636,0.456753866233582,0.447020261118143,0.485087776017944,0.486574167899375,0.454748290274129,0.528876277326756,0.485377928444885,0.48990544416096,0.498211770123348,0.51200303026564,0.510065447575481,0.49692203048652,0.481371810712455,0.489167285867487,0.454760851248443,0.486240455377767,0.47754394686532,0.510298391323118,0.462659757947397
0.486844427454494,0.440487776179788,0.453354432424623,0.492334163753442,0.524146408126536,0.514552258373742,0.509866431205147,0.506505887643699,0.503681516149444,0.544295989350897,0.531465955259018,0.575238621704052,0.529868017087772,0.511487813818191,0.513987147521225,0.464333647065298,0.518249017112007,0.480130627086756,0.530127371529702,0.445217641832751
0.47326478752242,0.471695348498194,0.446277436346645,0.494061535150582,0.505237452010408,0.459627769223702,0.604389451650314,0.497501028397749,0.490463844060064,0.494357259145872,0.470145820333199,0.477919404354597,0.448666192815245,0.480633330252438,0.453989378794735,0.505914947239986,0.482507865824537,0.451223371171885,0.504949013139587,0.468302693145605
0.45311952444308,0.512212750147915,0.556150294943168,0.468565165673215,0.516363551774182,0.546244827663016,0.546137240327229,0.469594950867922,0.49080491745283,0.574400232306257,0.507487875749161,0.464237071446236,0.588692795092697,0.603819264991323,0.497263155671618,0.46388318140185,0.487332920878735,0.511196784163737,0.560949832039234,0.5414219009869
0.474724013297995,0.466351877139923,0.460889542443936,0.484013731040157,0.498932942191121,0.482113499499548,0.556333844197378,0.520533899212727,0.554887147640587,0.551763666267061,0.523312662389108,0.537771371428418,0.477810646132949,0.474346060797415,0.486629377247812,0.447262804611384,0.504521711150842,0.470640392326944,0.522767429273227,0.461129982047124
0.567645939476317,0.423710440837668,0.508330016003669,0.452549707548558,0.470749071352259,0.49346397240823,0.514019168535847,0.517957984371837,0.514014175005878,0.50857156755518,0.5274137940392,0.511103017763653,0.500415785492087,0.478737538924109,0.519959914433439,0.490521616962492,0.441013009269981,0.416100651725685,0.540422202490127,0.497634445482332
0.477854668844941,0.455706328325511,0.469121936034836,0.490230009771443,0.493023848670664,0.488363363954334,0.48646953404731,0.529040351963395,0.496380024816998,0.503798762352882,0.526793794180806,0.493685080135365,0.513874636227033,0.458428844245728,0.506526848215878,0.462888587931524,0.487161262963422,0.478237478847165,0.487250278477829,0.469817835579044
0.497139713386186,0.489376994090526,0.503449537086738,0.506556857515095,0.531014078632246,0.511615642352046,0.549904528151831,0.51276707141586,0.509753940484849,0.548539483269069,0.541183043765702,0.566202418876391,0.530230129727511,0.499549625579674,0.516561715401426,0.482053682107593,0.51173250049466,0.507128651446963,0.531458115128474,0.494849296085231
0.495998187323485,0.497957816969267,0.499235459661733,0.514809632953874,0.51704215400093,0.509542531836738,0.565542323301568,0.522590562342146,0.531617753195897,0.547856509195039,0.541863221542465,0.538976734658562,0.529214543980242,0.511362130810944,0.520281014485577,0.49386522297146,0.504243403563073,0.498050958143045,0.521822998446791,0.491321171561723
0.486190907941844,0.48536730567507,0.486322268116693,0.48373277543764,0.492296230679725,0.513457169532816,0.513902895265619,0.503797019488053,0.505129028492845,0.519185493514649,0.52308396010573,0.531573041910606,0.50156647126118,0.4910397211699,0.498676946921467,0.474674746596083,0.486178745052237,0.48665480991937,0.512804536039384,0.490138104546903
0.529269058621324,0.517489490189763,0.5350884231302,0.538395251955246,0.544653519794926,0.562748169238316,0.561699744686346,0.557656418814319,0.556290951864086,0.561199559205087,0.574427976731177,0.596367697444178,0.564804612384412,0.532184359282114,0.553133362191571,0.531048974812653,0.555164124275015,0.527497817657325,0.54552817715168,0.536699622463478
0.523318973558034,0.51980150118008,0.519527380454209,0.53552609435314,0.53441023212146,0.5368516512252,0.562181560250981,0.556939159741054,0.559682577839092,0.556290539067489,0.550416987650429,0.561812881751724,0.53596399098015,0.507930621903603,0.544702726750562,0.506362779454218,0.515234224760895,0.519787801129438,0.528143347236784,0.497069150530547
0.507508492853981,0.50122437882491,0.50931818502247,0.525399077879381,0.514015571099424,0.537742290266623,0.54301327441835,0.537187707073452,0.541790072865557,0.542049713628759,0.539285892168403,0.556795004610375,0.530967898639826,0.505523519939971,0.521245176276861,0.494060080147808,0.513138151867692,0.500534597758045,0.527743860119914,0.494352965874664
0.488904406797392,0.474854612128265,0.482059868151898,0.479526421798673,0.492271317579669,0.508273511544602,0.498023887839527,0.506738354554309,0.50508278590398,0.500334354046637,0.51150321299416,0.518821990372297,0.508656711361477,0.480249037739933,0.49342934453536,0.459786336262691,0.483936268989711,0.477895599657204,0.511602462023399,0.457110907999146
0.499318180312593,0.486059072835035,0.464853947378861,0.492662018984216,0.508958785755251,0.523380762905458,0.569130012460724,0.516253433534323,0.520903411634694,0.539464090663285,0.511029073850511,0.548440654282363,0.522465776002864,0.507511760122601,0.507198414754468,0.497354467573326,0.487855014784429,0.488910912929216,0.499473068717232,0.474421788106635
0.54052292825098,0.511518465457477,0.557105678757356,0.526213324932145,0.524325420585439,0.538835618673964,0.530366737244707,0.523558852727557,0.544439600485721,0.558321166154132,0.557151762705343,0.572789148242059,0.543141456886457,0.526195357155367,0.536569894182379,0.524951544333092,0.469482803555526,0.470595407323377,0.519915473800789,0.492605784282249
0.434680753052927,0.474454427564787,0.463452824986294,0.541816798453011,0.561028438617096,0.520282104142663,0.576493003153307,0.529948594285619,0.540852136057046,0.515241667676221,0.538342874125106,0.529928082934348,0.553187476962456,0.542153317236347,0.527110120950952,0.511852537846058,0.518784554953101,0.537869292873673,0.535795818715811,0.527132799311553
0.480188690152151,0.493460396685201,0.476885203963342,0.496443964626946,0.508961141493235,0.508010458005833,0.547907894736887,0.519322197042109,0.521499873351699,0.526786889698968,0.519691310334805,0.527485986735711,0.506033905014077,0.508337488539156,0.512680778037689,0.508698334527472,0.496693095566389,0.499592448042344,0.506625216559556,0.495355493310323
0.532007822204847,0.483398093974872,0.534301215960215,0.479278951671921,0.54095385104581,0.519911075173912,0.53019203847183,0.519332020966566,0.52884646951027,0.538875741372802,0.543320292522714,0.541297821084428,0.521580461829742,0.505073381153049,0.522595304425539,0.482806037838369,0.495276093018833,0.476339393581764,0.531602525770741,0.493449453276189
0.518078518956175,0.512892560721525,0.498279402388313,0.502101279264381,0.515539903642055,0.53815431107276,0.529119516664179,0.550537780203367,0.528281627250519,0.548482209557804,0.536380845294555,0.55089262448713,0.525992508383142,0.51887209716854,0.518014062166419,0.495065684919257,0.503644778334037,0.497497324912094,0.542576131162193,0.531668891520056
0.48243543701934,0.480803347047172,0.482411410797431,0.496045783188156,0.502459187367274,0.509470610300736,0.516165328687952,0.521677568317464,0.527809275551556,0.539652450771106,0.540111423860299,0.548419351004531,0.467109545205046,0.511544974238012,0.503730881225132,0.473714682584526,0.507689135704456,0.514948034928033,0.493940192547498,0.509576212565885
0.51564356549801,0.534453549465156,0.539837521965082,0.537169560058727,0.541781547202363,0.5502190506469,0.557934555348386,0.558826843130361,0.557145455984811,0.567747294851233,0.559393880219179,0.566966663133457,0.540892522140609,0.53199228850105,0.541489427865499,0.509292748156975,0.533934205391336,0.510036185750375,0.547502649878714,0.533243358430277
