0.443842374552069,0.440435826231083,0.434424405693348,0.435317496893249,0.442538339963229,0.438989151702805,0.434393930753907,0.42789085591168,0.430349812756152,0.436762309290334,0.440269012110871,0.428334147243379,0.427859015781067,0.431131277364186,0.431653225660178,0.430422495053556,0.4201130173679,0.420893209378533,0.423579520333891,0.42094500574707
0.422803714052736,0.435950628926383,0.433257561836511,0.442844640726216,0.445054403718458,0.442992048799821,0.431111092552084,0.426772081593365,0.432604104610343,0.43681058345781,0.437855410960251,0.426657316743789,0.434134116343157,0.428983764855721,0.442194697876973,0.429711196502815,0.426877177652787,0.428344961675803,0.419639658712247,0.426474593806055
0.423060803063923,0.446678951229553,0.431457991909954,0.439985762485603,0.443734642734614,0.431782153124521,0.436948517279423,0.425948500670719,0.436400042109027,0.436049191086582,0.430907120448118,0.423873883678159,0.422535903062468,0.416283690731477,0.415081127584271,0.419144668347503,0.414785623127334,0.403987293022458,0.406500787330031,0.413166507347754
0.387945079284583,0.411629924943022,0.39516069247381,0.407772986536432,0.396683912275011,0.395458971049825,0.41479508075841,0.391763751205747,0.406275616781407,0.400848392847751,0.402160983851843,0.405211212083967,0.393685818073106,0.394762543794882,0.398667398851758,0.407269956270159,0.393536328351739,0.375354667819819,0.400421476542174,0.396308609149491
0.436956003603642,0.428149557705338,0.434296664656129,0.440773272018858,0.43869735187688,0.431374870434531,0.428689304640538,0.431137862563937,0.430652279106733,0.445020218099731,0.429960958124008,0.429906806114755,0.423811446110078,0.431772702846173,0.42905705300188,0.426185144781753,0.425146674617618,0.421242897070034,0.422448069568929,0.41585276396039
0.390963721482503,0.396611458417554,0.387867829307181,0.388934439525706,0.39344082700804,0.380494212311176,0.390325260244474,0.379354626978688,0.38101853418727,0.38069798312633,0.39222188379021,0.392835239969976,0.372649893641531,0.376663814997112,0.408614627298064,0.381083902144219,0.373433295857633,0.376966070564925,0.35562578451775,0.376906255654444
0.383741286718062,0.393903108473976,0.383977909024261,0.398470537299411,0.391660601483184,0.390659423445246,0.386307702942587,0.388313409228871,0.385086092034617,0.401308356782821,0.388944598103955,0.387874036833493,0.380416247246249,0.391785557392798,0.38904530322803,0.385081340962666,0.384051218613181,0.377114389053144,0.382931124617491,0.37274999645095
0.160470695621119,0.169818401539259,0.16238644377664,0.16312537916235,0.16487905726218,0.163659424632738,0.159498661791967,0.159660659259495,0.157982171252794,0.164324178824454,0.166322581237329,0.160363436378325,0.149561681971899,0.156976264941156,0.159147808273517,0.16113812654127,0.156681138087657,0.152657796318953,0.155924766592648,0.148062821693978
0.297216865557451,0.300259498897997,0.296162472089441,0.303226246694084,0.297284514125481,0.296459205880745,0.291679898694947,0.293816701690866,0.292402010580218,0.299522620794656,0.29634531808724,0.289984565820852,0.288739516119296,0.294030218195036,0.292664748747362,0.295047751777239,0.291990613818735,0.289917732053368,0.288215919049154,0.285267097798165
0.424853130421324,0.431390022238422,0.427517357210494,0.429751316916359,0.432057629427557,0.42944797223878,0.422510209268155,0.423512509172534,0.418426387224222,0.430537906409604,0.427248323912487,0.420285231074098,0.418012790010978,0.423478473817802,0.419309964661187,0.421162730308384,0.417485259653027,0.413331507679641,0.416142390458551,0.408504872574582
0.501987936581854,0.515374672997137,0.493776519947783,0.503013393874881,0.509701302590599,0.500170699714181,0.502620604829095,0.496035543269461,0.496664704494131,0.504616376791665,0.503060176571361,0.499217420458049,0.497946477309018,0.496580876380434,0.5009993044897,0.493939906093726,0.491204757573359,0.489363210922358,0.4931980499481,0.483301198653673
0.542733320134585,0.549052680830916,0.546581894779146,0.545404291883304,0.554782988938715,0.538703662827634,0.537010364589503,0.535510320341157,0.547117616869501,0.546243508739453,0.543246112720947,0.549954304790173,0.533571269945709,0.539959861825117,0.539140470043429,0.535541406534745,0.544345996266969,0.525747791862213,0.548357084042127,0.537406210487834
0.517574718163192,0.530222042223258,0.525096944108146,0.522884128471556,0.51942803989857,0.509968963042747,0.513597005878924,0.511597399847408,0.512807268688042,0.52068660603361,0.515351349817688,0.516636482875787,0.511171749503544,0.525148456162488,0.513770936477302,0.523030024754968,0.517257670796287,0.505591791400062,0.515287165326891,0.512837460237952
0.506343118221671,0.531223993169854,0.518643511628759,0.527912894526476,0.527163793756315,0.520689760231136,0.516928177018965,0.520267147418172,0.520774822460372,0.519850622051901,0.526034827575005,0.523246709732462,0.524949714792331,0.518888743685349,0.51864862495809,0.512163902505237,0.51710070877472,0.501671494797817,0.524513466809865,0.502444625093548
0.421610987859724,0.443235800432509,0.428196808858361,0.428595320878312,0.450763848609578,0.440656871924236,0.428540709460486,0.433586799339395,0.431243708158478,0.419327872071519,0.440976321079937,0.432986592302989,0.421227989956645,0.414232122533744,0.432017778239897,0.410457774619916,0.417247364796424,0.421513610962235,0.418643953010384,0.426352493721097
0.482857213668748,0.494073932453639,0.493071297824756,0.496315764298686,0.503774730567858,0.492479402749139,0.492132353662261,0.495184223329021,0.497575563390998,0.50164299638289,0.499781683799605,0.489638489075965,0.489438933998764,0.492963607378946,0.489168373179709,0.497514921786825,0.486592584723264,0.478309111760442,0.490936953498054,0.480730477952971
0.52241215483582,0.518518427415782,0.513652439113947,0.519075429158533,0.524594453034837,0.521501696834845,0.51253784301981,0.515097862644418,0.511929825060725,0.520579267928123,0.51988591695451,0.511130747544168,0.509807994871475,0.515251409784863,0.510509831934038,0.511836365032465,0.508717286813176,0.497137693642009,0.506064376000515,0.500867497489566
0.50752147218117,0.519814421035394,0.477992742025138,0.481225288018554,0.488867021761808,0.483084635072663,0.482073004264947,0.479812328465597,0.470569140493641,0.47884819305086,0.484178455267958,0.476985002214884,0.471324656040569,0.4805716789866,0.475066013866617,0.474441618794182,0.465920705276149,0.464913030404406,0.47288276467738,0.4620356438216
0.537357281281552,0.497600620511639,0.516057053717077,0.533231384660008,0.516452404501701,0.521745071505607,0.512740695014925,0.539768854234702,0.510521086770948,0.516941568269916,0.528318130117937,0.528927715557111,0.510817892477345,0.536400694174871,0.530041937863736,0.524061161560565,0.518691260728671,0.509137821349327,0.512957179201647,0.508159122105062
0.544333619692076,0.410966887123665,0.485857606886385,0.507888413995717,0.471897463485631,0.448624940021646,0.505628108445447,0.459949136109736,0.492994140953483,0.484717510842514,0.45689495913955,0.443845365891737,0.443459490387157,0.440566899568378,0.464216515197141,0.493864772623254,0.482093519976121,0.496574696646095,0.437904568791336,0.48643626261819
0.487769742181782,0.496575419084417,0.465574997969161,0.488934632230492,0.485812072501235,0.483691733007748,0.486324498637857,0.475473474197072,0.463208703359273,0.477120549302574,0.475985748975345,0.479399836013388,0.481888624910536,0.495324846513936,0.472663202004884,0.48966297229941,0.471705357632819,0.475539022620013,0.474052449805431,0.465251969712884
0.479744002342689,0.484750852909318,0.450026480306068,0.486523758740722,0.470887149995917,0.488876576754508,0.472931896906376,0.456730553017855,0.43766133065182,0.465505890725814,0.435652855941402,0.436671062530198,0.407323863314677,0.412080305022688,0.396255378019978,0.418135093973837,0.394287581160528,0.388063860571645,0.39553155336009,0.382106534302192
0.497291930582972,0.488081570258204,0.488648335868937,0.511733561365419,0.491012287822497,0.484777316924068,0.474676281647354,0.487221730112683,0.496252231074062,0.492679908496626,0.499551264675551,0.45580519839537,0.460143669938127,0.489199339817382,0.49105969617087,0.459099993989025,0.512316001763042,0.497431688184488,0.47072877761665,0.431816029521682
0.480320843635558,0.462543284041354,0.452792659316374,0.483508142820528,0.483234684370295,0.470925794391077,0.482670229896958,0.46892162324971,0.485339527160609,0.450994336157348,0.494710620329226,0.458309937368068,0.446610481125857,0.461122882120666,0.475929920680003,0.459368010155174,0.478807280569055,0.45174553923094,0.458113757610013,0.464821285380523
0.458488315979046,0.462692866738791,0.419981141041923,0.472723732463493,0.443631184585781,0.439285110454731,0.455188359459115,0.450942208716501,0.449592690754637,0.463389573540648,0.454169585408989,0.454478998035539,0.447987143864545,0.454725089462458,0.451153932415537,0.449718118471728,0.448189096418495,0.433439140540122,0.450810342758592,0.436109844390454
0.440545587744552,0.47041059371193,0.454620652076725,0.445202354432027,0.451760629559279,0.460887521332461,0.444154152885472,0.453756473856634,0.450474767464724,0.457663621136634,0.45753318288805,0.455165776946023,0.444659255066652,0.454981096478431,0.44929717120628,0.452178274811466,0.447991733827372,0.436095333484036,0.448623708497039,0.440255175456233
0.420591110815722,0.430285457753278,0.419370622986636,0.43032051973244,0.425727713769197,0.42824215558123,0.426885253014356,0.423907289730675,0.41054092251193,0.421029967897727,0.419636766280392,0.408769858904995,0.407010453606709,0.419235215045672,0.418329495438747,0.41210831654777,0.4111648959938,0.401599311153986,0.412967653610432,0.401922258750782
0.389224350879149,0.402209006462194,0.395400164587703,0.399094087426763,0.39833723290797,0.396928822059046,0.396781282469329,0.390561880116477,0.395183373711395,0.396809354239504,0.401116421123572,0.39428228860392,0.38970107298169,0.393012312437288,0.398164560116521,0.392429198788758,0.38868745458324,0.383659396252451,0.387808039930997,0.380489042426968
0.450755282340605,0.44881696840903,0.450227095927839,0.458643397774629,0.456748259867631,0.447024380559373,0.445643536421076,0.444267953271273,0.442871753034951,0.453933765116184,0.447059731745455,0.444760797987462,0.437860488383714,0.444163682088117,0.442101460015543,0.442266541983481,0.438192589381186,0.434064335372563,0.433475842111975,0.430205698455281
0.425067943869908,0.428323545716869,0.423426920946317,0.433305888810304,0.432186344581285,0.425960508731364,0.423365236517659,0.420941862627632,0.422362987159042,0.430739115124844,0.425495282149978,0.423013030234449,0.417586511608752,0.423907113204258,0.423018837371513,0.420976739828433,0.417376913114602,0.409958754365667,0.416894332749746,0.412112380871062
0.403677559748796,0.415351891094322,0.407421643610251,0.416943068603873,0.420437038451981,0.41036731601756,0.404990773316323,0.409392367196718,0.408529464673039,0.419861805949027,0.415862858108699,0.412261663844572,0.407696627506632,0.404421345324257,0.405483132468944,0.405459198809246,0.40160051250319,0.39682709494477,0.401202268241867,0.396024774895038
0.364851764492161,0.370952061089331,0.363664445410362,0.370426510188436,0.369498713735278,0.362829194140919,0.366509054843333,0.362729175973576,0.364092370653079,0.371060286342559,0.36933666840427,0.365058079781504,0.360513868356164,0.364544285393434,0.363063390480123,0.363919473595358,0.356279576900766,0.354016868049705,0.361338557837147,0.358028644232222
0.383343457579589,0.396236786595319,0.391830886676686,0.400363518806769,0.395514442531712,0.390309009539486,0.387770977464955,0.376745790249867,0.386686654198841,0.393897922375596,0.392008750397278,0.383916516177815,0.380977562954418,0.386060287886741,0.38310511198336,0.384243905136407,0.381044655755306,0.376809756882399,0.383465011043909,0.374601847468999
0.352049634935882,0.38434604886855,0.355110872744025,0.354842062136443,0.362424017323548,0.370953862302693,0.365901766958183,0.360328450566628,0.354116772888202,0.378565903718551,0.366097245917414,0.369840054899993,0.366284271569089,0.359848262800128,0.35752412297479,0.357764518577428,0.352166101938208,0.36141642903553,0.362874980186117,0.358333012515521
0.393315962653764,0.345556415490264,0.383002860953892,0.376660954756556,0.389456518625305,0.347646548807966,0.389596476980473,0.365868246775308,0.38951247672231,0.356540353943438,0.355485469010632,0.36739539581253,0.355943964964299,0.348653307098306,0.349272023885837,0.358969429261346,0.348692582515489,0.347092706821355,0.362579666768596,0.357673779041216
0.364476380355867,0.359429088172157,0.358115019859231,0.352614410644376,0.369271713244211,0.369697242363919,0.354494401610402,0.354108762128386,0.354648588208857,0.359525302138631,0.372383254020439,0.356575265410521,0.350262074564403,0.352398769789522,0.351552133443739,0.341555602614391,0.361032777871269,0.344742398356,0.359507264834734,0.334783235125693
0.373755716968587,0.385446788079297,0.379291015587507,0.377013941182974,0.420771586448509,0.363892981767709,0.389340403954866,0.420655762409008,0.394709006446054,0.387162594020474,0.414034158915687,0.363375727038019,0.432380212467867,0.393269694764022,0.330595270320638,0.383734726820059,0.338767972899732,0.33460410965702,0.376635680595979,0.405094498808619
0.383260050893973,0.333118575842179,0.324451640369151,0.352942894938496,0.358471806271474,0.399848113103674,0.387294531973902,0.329798308423842,0.358680843059704,0.33085712005156,0.371851540031581,0.349540175000784,0.316296729802493,0.362022087385825,0.366027761540329,0.334619563759906,0.347067065826637,0.357153815149269,0.357273001951283,0.325402977468939
0.368357157443709,0.37815963528342,0.358013328695207,0.382995015365003,0.381834121007362,0.361694364590406,0.371863541652245,0.367459812351607,0.355511923810125,0.364313854004823,0.360526091087192,0.364251148548384,0.351225874703945,0.381941597407171,0.374101353093646,0.351346824695723,0.357235411780608,0.35000515461921,0.364419971900139,0.349035842857403
0.345386607175129,0.350115771445923,0.364976438224981,0.374396540468152,0.348340656641946,0.369002206198674,0.348407545847736,0.341618337301231,0.361591883338996,0.373945673280549,0.361061735440804,0.341013675902439,0.36305727436669,0.353827852189766,0.362247222097176,0.345487274869354,0.339707357630644,0.338473611598306,0.353603960481326,0.339001485600997
