0.468731800974483,0.420475145982816,0.441398093956505,0.460194497386321,0.441523187027535,0.438054066046356,0.479372683098643,0.446054750952866,0.463032236069692,0.477383253558895,0.44519919482316,0.45954089861304,0.46728710659249,0.472936993121406,0.475920605017003,0.476697949942319,0.480275701415075,0.496447415779945,0.494059633892967,0.470634204309111
0.406297386498161,0.401612514319854,0.397514724912041,0.400108488454019,0.4236356018454,0.414950859009757,0.429095357909638,0.438258149035651,0.419030085645701,0.42789450246037,0.414585696494547,0.413012007676856,0.423143124869178,0.421344657902376,0.442589390604364,0.436608220192827,0.42832135533327,0.45008150593467,0.469441829287457,0.441514993384278
0.381196089900639,0.362295800898511,0.358441471424847,0.355498613976782,0.375709784371591,0.375212801863551,0.383654688914928,0.387599334873404,0.376805909602971,0.384382433860783,0.384120869996982,0.386356000259772,0.39072359109171,0.391181001650333,0.394804496338825,0.411638841361607,0.395393618001828,0.397808881680267,0.401845369596128,0.386998139366434
0.375778521873635,0.365741924006772,0.365552325755222,0.365405349644032,0.361134274997698,0.363989044169526,0.371301887212601,0.382296410139276,0.378636197144215,0.380528926383718,0.372848736106008,0.376914599990009,0.388710790712735,0.3946970803214,0.401014018935162,0.396603398351575,0.387927294419775,0.417713405625544,0.402092448198937,0.38451815383502
0.374184712846402,0.369907890940687,0.370806252748303,0.375495853276265,0.36904872025849,0.375469608202557,0.387933948386438,0.396754919404666,0.385756542716904,0.384150123354413,0.388148812837069,0.397916127887771,0.396051559973875,0.400891891203563,0.413880356660906,0.406845015320068,0.414534533020425,0.417053502214268,0.399883285621115,0.392605292688915
0.3776349072451,0.390739030591388,0.376396819426106,0.394261384097881,0.382679738952614,0.394034275889386,0.395544995782967,0.404874809852991,0.395886286657296,0.412591432683563,0.41393462804296,0.408669637862823,0.40969135472479,0.430246821301542,0.444713156708116,0.447767102443907,0.4300790679799,0.412176098906106,0.405151039440309,0.410064891891274
0.366223576718598,0.35483817052336,0.36276441357842,0.360270668307185,0.353449978219666,0.368986852704186,0.382116563514627,0.381279073782558,0.373006254718603,0.374232768967542,0.379595618231103,0.384657277038677,0.382115146128308,0.3918662576182,0.401108671055009,0.405122685147441,0.394973830008272,0.399117673006517,0.387970714110012,0.377377674775839
0.443976377508202,0.438580981385884,0.441103493422013,0.44536918586708,0.43962211879318,0.441357603538682,0.453688357172189,0.453227256280304,0.453884406173611,0.457946669213822,0.458435366066854,0.459868478449129,0.464381524807538,0.474526129649983,0.482375641397214,0.483493307762054,0.47629866617909,0.473334348153819,0.459647790419725,0.450133869532468
0.432056862821414,0.427725535692931,0.43057533889254,0.431503323832006,0.426208876059652,0.433229064320089,0.443994249677283,0.446311548031742,0.442796708853204,0.445524225170471,0.45158658635641,0.452537615249712,0.456913624293056,0.468832397333315,0.469350231699869,0.472770306392708,0.466744678746075,0.462027157647673,0.453239704465195,0.448468173714585
0.432843017236668,0.434383421837416,0.427269759316468,0.443231002144763,0.433120644349161,0.438206719949089,0.445155913675341,0.449214515527588,0.45350266112214,0.455831447011925,0.451409954468711,0.444647064744525,0.464493463473207,0.472387225056386,0.471327665069094,0.477048934580514,0.471881896109517,0.468222877419586,0.454763331168651,0.450972777479819
0.460997790476324,0.425271274427423,0.440509158640653,0.464810775193345,0.484719389203114,0.440381944411368,0.425349794085087,0.490394198919711,0.459395279917678,0.487284186356151,0.450172168121845,0.508339420570482,0.504906979989502,0.4933292159246,0.464562097320766,0.504313797283524,0.494120729728533,0.510854570030248,0.455780674484853,0.420106476400148
0.479419454452376,0.423733032755762,0.435363655100162,0.43090521213163,0.417909979232775,0.407860381515305,0.457292877550812,0.440970264373811,0.482221052411465,0.382385648458549,0.449779230539299,0.404026592993642,0.4811916149619,0.407754193986402,0.446176213889726,0.479776487588697,0.456979761098339,0.506006730313299,0.426066035617866,0.47301121872051
0.414041107251334,0.402173180525739,0.400758107969119,0.412599783441082,0.402177032370485,0.404353106878912,0.417296725029173,0.409760917343198,0.416895605944857,0.416304388054677,0.412016719011327,0.422138803349957,0.430448375528398,0.422695476173118,0.427812819334454,0.436765111288298,0.439691212907595,0.44135395424999,0.430277431707932,0.423401794983689
0.447766920883592,0.424313469132895,0.432266583423563,0.428023723130595,0.434748898970787,0.441447469576088,0.459363558060281,0.448452697509381,0.45567454866908,0.454335387508887,0.454160151062384,0.454123268904904,0.471636481442845,0.472835540024431,0.477143639267424,0.477152019278806,0.472022512447179,0.476141243396169,0.474048964144033,0.462465375754235
0.450354083896436,0.456673897558367,0.456844478327046,0.456985756900946,0.442725321172607,0.446363776800564,0.469659673290511,0.455052604868936,0.473150566163952,0.481764858955871,0.475770062182467,0.457336989349565,0.48686880422077,0.483396132562279,0.482925623124284,0.531061544588272,0.497957846087842,0.487353967877123,0.470180544967438,0.452737207637762
0.418954681781035,0.424401105076799,0.424193757654493,0.422790343596819,0.444480935033064,0.428714869064067,0.446266812152855,0.428402974035696,0.429268038237043,0.442009162308675,0.462800618274175,0.455386295906777,0.471361838258595,0.438999458510672,0.483954863137321,0.487089257510692,0.426673746329913,0.443720414815203,0.472015671865013,0.424198223409604
0.413721039082498,0.401711801342778,0.404473702405094,0.434019407750724,0.426801611443339,0.389108772789248,0.400237641106386,0.451784513440381,0.427814391346223,0.458958676437116,0.452578468989733,0.458440081063914,0.404511874413148,0.430185036930948,0.490182166557401,0.472434992428,0.422645092768858,0.446393963549845,0.44308956733394,0.454294351873611
0.408797058188311,0.409158439660085,0.418410499249082,0.411151891542702,0.427774110902741,0.416727384278966,0.433932547224572,0.431863603022019,0.418234014887073,0.430668103448013,0.432576578981795,0.441513744476236,0.429977709351688,0.458827053481575,0.467007261359639,0.475638001286549,0.437215942131609,0.452137081041024,0.42535614862045,0.429250757239904
0.422676765815691,0.401295904772181,0.409151471006014,0.406499604960434,0.401729995314243,0.423220131184107,0.464493528857156,0.430555094943729,0.39295647143781,0.410722871024024,0.42188844800881,0.426099836597566,0.411497194824964,0.421537767977258,0.43148473147372,0.407747980329477,0.4488307563388,0.404071198947668,0.410588313456935,0.43839029774528
0.379559196157319,0.380549233671839,0.374026145634773,0.383089618928698,0.370712609403126,0.383983283741362,0.400099848851685,0.381125951835829,0.400494067705197,0.368656928388354,0.405349314421365,0.380038420060493,0.384972709954911,0.402993770104181,0.417709747778566,0.401970068116015,0.398314144059791,0.414414487979646,0.402611826259479,0.398556003923357
0.384216287955533,0.392365462907468,0.398654829416606,0.405537084252422,0.379275138313323,0.411315238797615,0.417610631080315,0.417522539096035,0.388253345062713,0.41137001607769,0.412671574152179,0.386351087639356,0.413291215717741,0.429607160342154,0.447121721747608,0.404740731737522,0.439991656344384,0.402751361785908,0.448403995183893,0.404081102132163
0.466238688484265,0.461616524183387,0.443956439343649,0.451837647146277,0.445065379879515,0.451500395212741,0.465729264726583,0.448683387271719,0.466754724627455,0.453711258430851,0.480844042537845,0.463173414678438,0.468918804245773,0.49810736096533,0.481673497966018,0.506610333620529,0.500177278898192,0.480801870299581,0.482865163230222,0.463142137353067
0.368114664868557,0.360305569582955,0.367759457740086,0.400443420407786,0.383439428372549,0.376209922400756,0.390866950462599,0.384516557052175,0.367303197080062,0.382054632663157,0.403137182447867,0.400905338465067,0.374693319263559,0.422832653147214,0.447739821658629,0.438701573621955,0.406667812861616,0.412821298957901,0.42726198769351,0.38897143109088
0.372327688596907,0.394777682167612,0.364995667779146,0.390065863978298,0.385073072921152,0.379863664665327,0.397309535043262,0.401471266862784,0.388070265219827,0.393510367990525,0.390292456262215,0.397720778815163,0.401281332928219,0.413197807874114,0.422468563882356,0.433622864667617,0.40891601739307,0.43256671796094,0.411944600741368,0.404344177679567
0.374262790412694,0.367890324777386,0.367342332683778,0.375523514276906,0.360265717409291,0.366889150643006,0.385590552610633,0.391900941124953,0.383652539835917,0.389418311010383,0.379847534549256,0.380788556239332,0.398743569825516,0.412889861551657,0.409326157944233,0.408763871402293,0.412736305737939,0.412085535057149,0.401933410036491,0.388222805440408
0.392067516163258,0.388087161841539,0.383959743270586,0.392660419785565,0.388899820768296,0.390800879824943,0.410145264575804,0.410436905175936,0.396607295360603,0.400235806426794,0.404180966535365,0.410084503385128,0.411217415002938,0.431720870649456,0.430281095989346,0.430478767236681,0.432075710557528,0.431129347256473,0.416593329378104,0.407844417217894
0.397376507557541,0.395965000325694,0.389069412991222,0.39390843067827,0.394970794008126,0.399840884713549,0.413404705752945,0.413855042357708,0.404902340160667,0.417555397588692,0.4123208189625,0.410963473874893,0.415290174915498,0.439757047873159,0.433909043594702,0.453447061412405,0.430558558870682,0.432866189389432,0.423909339558325,0.411798362170412
0.387758797470483,0.382847684564545,0.378659256866139,0.382461467705054,0.379322702518431,0.386062652205148,0.393088362238413,0.39979704609396,0.394290131190606,0.397414083481652,0.396983901014751,0.400505435189004,0.408532080459656,0.413700832380446,0.416233119224357,0.421373166157142,0.41946972116276,0.424577676969806,0.415535334778535,0.403908510785948
0.392996961280489,0.386941311507618,0.385487088540342,0.391592815523658,0.385499194841141,0.394155223662598,0.406263825007494,0.411260705196371,0.401399262800509,0.400198971573641,0.403156526160352,0.412058851616073,0.412886884362392,0.424076124163682,0.428574167193819,0.430332657163666,0.429971785905617,0.437061415121778,0.421440182854839,0.411521376586395
0.369267908304085,0.358234504826708,0.35661746060705,0.363494742452429,0.359147679593924,0.360569893177883,0.381825237321901,0.377979040601049,0.369206142197197,0.375216038525912,0.385571372650062,0.392328361465926,0.376305707517161,0.394596919805849,0.406078976973288,0.405998021702679,0.398244891283405,0.406784972645765,0.39842416833441,0.383170368232517
0.357354558674667,0.356678627215227,0.362441104522837,0.358965132901844,0.34803562674009,0.356497285412103,0.378393435234077,0.372867150662021,0.366964709760914,0.370241412061741,0.375236121466419,0.385945126335607,0.380570282431198,0.393811042752756,0.402497736684087,0.404294642219871,0.385498529382175,0.403179258815739,0.379431534956371,0.391016429724552
0.373971108971289,0.36994696923758,0.368084858376947,0.371475261370092,0.363415918497169,0.366387169267099,0.382557505866668,0.389653482916666,0.381678135031628,0.381122123886274,0.380683631660813,0.389520686534266,0.398326374313122,0.396134322781338,0.405142678161902,0.413005188582543,0.410419538594406,0.404529315288232,0.407630220242199,0.389296972320458
0.393769898105836,0.394286214358985,0.393808450892913,0.399004377945886,0.387647534014933,0.400405895844296,0.410411741949008,0.416360653062436,0.406161410008461,0.409870561675386,0.416558535954501,0.416285427271707,0.419096506266157,0.431122786816216,0.436278481185048,0.443214782604601,0.432052903938154,0.423079412857721,0.420465444365619,0.408388383559139
0.39022342665345,0.382259685590265,0.374575392554255,0.382430697322767,0.377957021099334,0.380971521959385,0.392470503233955,0.402217785110992,0.404397933245911,0.396215277413933,0.395425792315751,0.402539406178867,0.409857076396912,0.411521503121995,0.414033728789378,0.424258031638835,0.418751378059856,0.427371471062653,0.425234411717927,0.410405808861912
0.366715230574519,0.365957380517483,0.369147690098675,0.394217888933022,0.387458484089705,0.394201616976039,0.39535589091832,0.425815738929611,0.416086983624229,0.386350707126779,0.428938283899604,0.410343736434257,0.431512185357379,0.431753801437029,0.45541695221972,0.417945202272331,0.406968361306216,0.393598190366271,0.381246974009927,0.36161614377946
0.37142437592693,0.35509458038721,0.400920745315644,0.388760546814344,0.392574469019168,0.402062589428054,0.35553956094359,0.377756120003443,0.374979435471349,0.385069820294224,0.385628108806556,0.39512207881501,0.408315420131633,0.425631761080504,0.458701307821039,0.376151178102814,0.425190668525481,0.398215320668106,0.398710702815944,0.37707507624614
0.353221720265906,0.348188995996587,0.353180315818693,0.358290746484653,0.347656015801486,0.356716750438569,0.363750855197001,0.379138766422928,0.363543157042045,0.362113794232248,0.370999512183471,0.369596089741405,0.371951299252928,0.388695271696743,0.389699253473072,0.391088428341373,0.392727957244463,0.394216065052253,0.388923807996266,0.366325871826044
0.358650891588294,0.363008476476785,0.320521388856464,0.346853044142414,0.388308319082477,0.333491535764451,0.358967783765769,0.369809742036217,0.368817243837026,0.377099977099222,0.402593499435972,0.375294684878993,0.370655725714041,0.369854109702165,0.386968127293284,0.389834722191926,0.373277630229684,0.393436081852735,0.411603210639625,0.389325787526906
0.326906326737371,0.33672260018395,0.33632994036171,0.348779628231234,0.355557662650532,0.339041651942491,0.357870650568424,0.374840395009807,0.352441415342586,0.362295277057449,0.371261975801857,0.370578782474434,0.356866267094485,0.405551977895975,0.371549631816467,0.383946366654856,0.387135801189259,0.38405773613526,0.380697164356365,0.366425206952202
0.35686623302856,0.345988698342389,0.350206302299503,0.346159312346758,0.351341873877624,0.360015095644715,0.364422920462551,0.365847612617488,0.356203244803088,0.369793133216694,0.374321426429736,0.374294349051085,0.370339282772563,0.38846797430856,0.392129069809328,0.391960447011611,0.392718341004377,0.382063718292313,0.378754202520997,0.366598987227763
