0.248178814651461,0.230636395098203,0.237334971321491,0.236136944664897,0.240956595860088,0.24030435433405,0.240775583541717,0.236897443434168,0.238526141178146,0.238074499511449,0.23272637191113,0.231547635387425,0.234287930108654,0.231583214873845,0.232067767415486,0.225493807545071,0.231309930986164,0.22655293049413,0.239215710712623,0.238170782352808
0.19914256863311,0.190032616837448,0.179050325769408,0.183005854897147,0.185600880045233,0.190612154177561,0.195406416193778,0.188545688580477,0.180643969612193,0.1733053231515,0.192667303685571,0.186140850833572,0.188463746751962,0.177770109942528,0.188451373408435,0.181466974133503,0.179341807330927,0.181738401879638,0.195288158385021,0.189103203318699
0.154763385516045,0.172049602979695,0.166489045529058,0.156355725668298,0.163242483289497,0.155955027722355,0.169532611283983,0.149641632473207,0.152181832177607,0.156102635032982,0.162549517324219,0.166166791658107,0.168594319658081,0.162195961074092,0.150803282214133,0.156058999633873,0.154619684942807,0.17160000977135,0.166171727413327,0.149576370054948
0.166814598601469,0.167708071645519,0.170736818048978,0.162273218894754,0.167150385392076,0.172028071426762,0.16852599549874,0.163764726501142,0.165153709251227,0.166094609178834,0.163712088166671,0.164973797259267,0.168857896211277,0.165848306954119,0.162317723076038,0.163817979593696,0.163160745819379,0.166118055173054,0.171852124073563,0.16223377316725
0.162096277184285,0.161081331802153,0.162841403574429,0.163116514344281,0.166677649713076,0.172063889132629,0.163175798784055,0.161107232475193,0.162678482347594,0.166892008065241,0.162197238690707,0.167487652027109,0.159958323524052,0.165680904730607,0.155754652051525,0.165441827157409,0.159478766513909,0.167834098623911,0.168825140544488,0.157473556028435
0.216872807710658,0.200165392022392,0.210006213841932,0.210949204664605,0.218546805674156,0.2127604009672,0.216844396254751,0.215835177356656,0.21756254719601,0.215880343154587,0.215582215029211,0.214726498667692,0.209406221723713,0.216935295544175,0.214630380786906,0.206721619132716,0.221186263045811,0.215023025215147,0.219359339864694,0.212954930319498
0.222709479103823,0.215921496761314,0.218796343470715,0.222495810980307,0.225045155689463,0.227263472516064,0.221744088825977,0.220182902683111,0.223560125393105,0.224371652564623,0.218753506442351,0.223767140261345,0.221885700712749,0.22225536110565,0.219988236534873,0.216670028140628,0.219845411346227,0.233115637585513,0.229239051868888,0.221191679528667
0.602271902034724,0.5527582972636,0.571231593017517,0.576581617524941,0.577748549514883,0.580762050851745,0.580251549791095,0.584055279862657,0.609631618774908,0.591742353489854,0.579870994581231,0.578666680063471,0.567847056163295,0.573736014327063,0.564463901000286,0.549419552414531,0.571013519136776,0.585442067798747,0.591638732041036,0.555843917031761
0.444310194172768,0.409965693211527,0.425341281817342,0.435345781446839,0.45304958478139,0.450158194118124,0.43960003155295,0.445400751632549,0.435951052924608,0.417843062208253,0.421192135726926,0.449771551046863,0.420561712050848,0.452217430274572,0.427264218950091,0.448539907392742,0.427047944510509,0.433786421281969,0.451532269324289,0.418231786114143
0.354517190979685,0.339165912489672,0.355327746474681,0.352069117164722,0.361675188513003,0.350847977797081,0.355102179492437,0.353657290474618,0.356406943020842,0.352230066065897,0.356926438361812,0.335127254475858,0.353486317401074,0.363611813390204,0.338361012112228,0.346565293206674,0.356409800984447,0.343127329764853,0.370184435732019,0.356200257616199
0.243642754648637,0.221460963221667,0.232683526188159,0.235508441805852,0.241636293498118,0.235684393596602,0.238965148906687,0.235877479196985,0.239451308943777,0.238834503733859,0.22806682488662,0.230090530551756,0.229363581630707,0.233722960484392,0.232998907967698,0.21920273006379,0.237942892355143,0.230528357705596,0.239646314450667,0.232774613549323
0.20526567416307,0.196306742379567,0.197044160735386,0.196551536696712,0.202263131993225,0.198633971103543,0.193898449186544,0.19977152944414,0.201048052805881,0.19800493215126,0.203027034135425,0.205202489398839,0.192490723874359,0.189517409386302,0.194374496014708,0.193347050743276,0.197689086870209,0.203546571863063,0.205528824475614,0.197143904208225
0.172724196107484,0.157336706767562,0.165212601932103,0.161288417739668,0.168939706599443,0.17026525602476,0.167105399378441,0.160835162220691,0.172084193638618,0.168817099923676,0.1628435773835,0.164221411928712,0.165297733686178,0.165858379166265,0.164101837560654,0.164613722851778,0.161111743082031,0.164370067786089,0.170772471300674,0.163536831286968
0.161039286257292,0.139597286272685,0.147269488406464,0.148436848968333,0.152994170574644,0.146611295230646,0.147314674977007,0.148328328578852,0.154547191891238,0.152278606153174,0.148048561539734,0.153417051981224,0.152925003465084,0.155480421152234,0.155889219908071,0.151813541781759,0.158377574198462,0.155007028650539,0.155963079022566,0.156864009636306
0.183996187232815,0.163829817089782,0.169177696287593,0.160709952381769,0.169419863745661,0.176238531736558,0.176570522398441,0.175382504769694,0.175501093056185,0.176771402519996,0.170024624496083,0.170707258963118,0.165040904615505,0.1677040153612,0.165595344179367,0.157677794736376,0.174244549677569,0.163892509299902,0.172497809495311,0.17554503576393
0.172419529916395,0.150358270150129,0.160314735852232,0.15788961406527,0.166918578516162,0.163655670045008,0.150098193419007,0.151909955436543,0.159500200878387,0.161728542424438,0.155716064032017,0.152746139580245,0.154649586879015,0.165223459413095,0.153775841657152,0.159245150721682,0.152314952678416,0.155899094585659,0.158809822069426,0.156082440047161
0.145232277038053,0.14124250628909,0.150848593947917,0.151793371553296,0.155857591083163,0.155763151233825,0.151965376001871,0.150288234929478,0.14344655116109,0.160296047170922,0.165301585455469,0.14678936010855,0.124423348746908,0.160459363580134,0.145062776985559,0.145707996079649,0.157787804468961,0.177397890121314,0.175670099440092,0.157012781632506
0.174562010238339,0.136598868550774,0.154841318342665,0.156298134940582,0.148749297390451,0.146439410011488,0.154522827556574,0.158120609282732,0.153671823210357,0.143658921221248,0.159407208515837,0.147147502729932,0.148670142225852,0.155219719210355,0.159320396222136,0.157141758236928,0.157966952074692,0.162701277948458,0.162446280033454,0.169642283654243
0.147522081850232,0.150159397218089,0.13396319932293,0.145721340859317,0.153439282066641,0.143208051597574,0.139590160869616,0.137577495266923,0.153424451363609,0.154279634969837,0.157260787111617,0.153130550421093,0.131546173604039,0.139893374425897,0.129028504886187,0.144836805727207,0.140499009006205,0.151675221450701,0.15510097901917,0.160774023639894
0.163406498729628,0.140523125897414,0.149254696282031,0.148914065937567,0.158643559123945,0.152407898475226,0.141950615178555,0.141754001558519,0.147715037610975,0.149607045971099,0.144155186024828,0.148786963903672,0.135281599702751,0.133792284153995,0.170074762054187,0.14574421070026,0.147398443371314,0.152242194747974,0.154655128437178,0.157501742123496
0.133318884148294,0.128024256311498,0.139957942408727,0.147312007398994,0.150828276426106,0.149126032918122,0.145812462392769,0.126983074931065,0.130251039732449,0.141747555324675,0.161367097886223,0.169463387715895,0.156901200615957,0.15589224753453,0.140798484690965,0.147263975749777,0.118988597557342,0.159286549231768,0.139265882161759,0.130005248519591
0.166429372633202,0.147278400464787,0.153398078006153,0.150883498474369,0.159629701252757,0.154154855835405,0.178272349799361,0.139227602332854,0.160919225899631,0.163082391768407,0.156920687509908,0.171050935604247,0.168379784450888,0.163962089137223,0.167426292684219,0.153255684901082,0.17110931783512,0.157517433731881,0.15994022693356,0.167922880587756
0.150253870609748,0.138226396258141,0.156555233378866,0.149873386278085,0.155393584628514,0.160110332109756,0.149644174019943,0.144955366505535,0.153014438759516,0.158306565059732,0.148556668227578,0.153716188704816,0.140617836663039,0.147386099692272,0.158555483884684,0.155574555121188,0.160061883916197,0.161898437802551,0.161451739606257,0.159074060838545
0.155749581993689,0.143046555686783,0.148185815761631,0.153858596339221,0.161439071262718,0.17161456688956,0.168966738054728,0.139818888798013,0.15535484975801,0.15304313435297,0.156358360091829,0.157985248642783,0.142365615922453,0.159589777138824,0.143719534659911,0.145214843151606,0.157529615372181,0.160132886903402,0.156955968417141,0.141381987880026
0.159774909141284,0.154675665443899,0.172872839244824,0.161476615877362,0.172574449234252,0.181191325382377,0.16777558668946,0.162676714614934,0.158782655047117,0.164422800311843,0.162517880428906,0.167588790010637,0.154445232433908,0.165001310886733,0.169290572197288,0.165722831862448,0.160189564056307,0.150843355722329,0.149939918687639,0.15350101219636
0.18033363533832,0.165170433485919,0.176698434867628,0.173385745563741,0.177770897531485,0.182157351473735,0.17554047919014,0.174944829455985,0.176794541206427,0.17871134627771,0.172961830487871,0.178295215165372,0.170364069276321,0.182466218690023,0.166943063835211,0.169121864608116,0.170568496651938,0.179452301846045,0.17936872029254,0.181678910046744
0.186658657741261,0.174539643238334,0.178045016653173,0.180166743914963,0.18140466893334,0.187534659489782,0.184067855667476,0.182929164860923,0.185743234225612,0.185396005057366,0.179925818871794,0.182180693729485,0.178715866142011,0.187870965199149,0.179983934480803,0.179400623963572,0.185381062571841,0.181087781343537,0.185088596455741,0.182871224215996
0.189671401951678,0.180575144167082,0.187488008326951,0.182338532036366,0.187175487036513,0.186089331879176,0.187515659142254,0.182095027745067,0.18477760584122,0.187133478221708,0.181829821152725,0.188593466457803,0.18097865423129,0.186093246268465,0.18516331567559,0.186162630604582,0.185379533494338,0.183788757823602,0.190703961170398,0.187231977504951
0.181786903712493,0.174647160879071,0.17716825861287,0.17804334791656,0.184428450197642,0.188854171206591,0.180320252167815,0.173404428429843,0.175859272388649,0.182399957519493,0.180157174672709,0.181706534468247,0.179814672616147,0.180695719915577,0.173530537950004,0.181501172320217,0.17606590344979,0.183606238793683,0.184121921554988,0.173760651731919
0.187587510232601,0.178387780171522,0.184538935676792,0.185249621789521,0.189992849369591,0.185541964504175,0.18371384689211,0.183910072838472,0.188717896773222,0.185416694124692,0.18734767719717,0.189112936773456,0.186498264444975,0.190479114516817,0.183745210110323,0.1863654765059,0.184215305192851,0.189222038609676,0.191981174425044,0.188913689526767
0.19574202939276,0.181913343268226,0.190547456603124,0.187842832201471,0.193816227814049,0.191619020018632,0.18932686258998,0.184939045737035,0.190290471980992,0.190918183976408,0.189158581924663,0.190243164863224,0.186990280089275,0.193023182121397,0.188308720040233,0.190429545382376,0.189283357073979,0.192914871896557,0.196496569612982,0.19111563486141
0.19735575583292,0.184913971759896,0.187076653698567,0.185636707497248,0.192875253635365,0.191041420302377,0.184894174297823,0.183047129261149,0.189721193990419,0.190461790806539,0.186371032072219,0.185414227118739,0.183361357821394,0.187781902694616,0.192489903468437,0.185126061031647,0.195288280278956,0.182923565955974,0.191400880572403,0.184709362001655
0.195767160739124,0.178091791802832,0.189300104039723,0.188538658214436,0.190259520336003,0.185846474727857,0.186190359917211,0.188913759915221,0.191718339586893,0.194246110647292,0.190917531815798,0.188721986151862,0.180942585548029,0.192538372839455,0.185091104249392,0.184962599037674,0.192803376455907,0.196990290326829,0.191431156290421,0.187220236097377
0.194529796743989,0.207021636965547,0.196200646003584,0.209771684711475,0.211115904876292,0.215203212234483,0.215891132237273,0.206143144052512,0.207210429191793,0.193775564477935,0.204432209645192,0.197823222276835,0.194637132899802,0.194321364765801,0.207710458267278,0.210828580434567,0.200157469453286,0.200251458805987,0.221741352999812,0.20714288559433
0.212883984695726,0.213497063032892,0.205975163884959,0.212568784434657,0.213649989007948,0.220633621125361,0.219246858995767,0.216309961302453,0.224641482588362,0.222223857679176,0.20957007858997,0.211482733594476,0.216521489510253,0.219417054253922,0.21059337229198,0.20487689529377,0.224095105294469,0.226423496965195,0.215695909360801,0.211804758285839
0.206541308748016,0.188827175090507,0.202380703422431,0.20725231256041,0.209791792019717,0.209965705860219,0.214895620355702,0.216348836490476,0.22396766171452,0.2240890960179,0.208391082496017,0.207626346900991,0.205331059188742,0.213791451055923,0.209574121382258,0.211682022780072,0.212988446603667,0.219789622338499,0.215006913292264,0.205884698913308
0.201217045524887,0.188726760922707,0.2001864834006,0.19160870717038,0.209383212901264,0.196326940303196,0.207461611169206,0.204134871074197,0.202375101275967,0.211087716043124,0.200491041312634,0.20430437539796,0.201212076693807,0.204888281063721,0.198084169743907,0.198485553612753,0.204701822832478,0.200747850356303,0.208330394664571,0.196526590148501
0.219810345838175,0.203409515850371,0.219916949960918,0.218028508044205,0.216163101081314,0.217583849240584,0.216566776493655,0.224252156972778,0.229670589419003,0.222517194123764,0.222147566644793,0.218699254424036,0.226811043189693,0.22399654622527,0.226879581441654,0.219409969901737,0.226828446720671,0.231706527605737,0.230129909779698,0.220944217868946
0.205726910182882,0.192551531323053,0.203053132319282,0.204010994035942,0.208280102472554,0.206424806656634,0.194857081030279,0.202825616094817,0.203395798376862,0.205174000467314,0.201616008819475,0.205595323914092,0.201544615443778,0.208648989268969,0.201653939137439,0.21301690225946,0.215656984768097,0.221996208370298,0.226448677959548,0.220593384501263
0.231926582526029,0.214799794195679,0.226086755846892,0.223307934860601,0.231110271275676,0.224739525555248,0.226872087588331,0.224577695247849,0.227647774678776,0.231105732650307,0.216839959344673,0.219946677733273,0.218910666574673,0.222942869884068,0.221983226387598,0.215577435559407,0.215924600359309,0.221066263101352,0.223841644358889,0.219103616889308
