0.177423939579726,0.192383200770881,0.187738977503615,0.178661012886701,0.188388748852589,0.172720054334264,0.190958913773944,0.188504488480876,0.178716678139364,0.183286098558896,0.171569075253393,0.188339905651509,0.178786371686566,0.183594238346808,0.188185450677645,0.183763384210742,0.187826652462606,0.181053147119701,0.185972038105302,0.178475019209052
0.168452422544705,0.178612116550633,0.177076594075779,0.168509703153127,0.180007171968975,0.171676873857064,0.182822248052066,0.180919133077071,0.180354392471513,0.198126773346133,0.167482591676451,0.188734689744044,0.1761816803148,0.205377875167595,0.189288902468629,0.173009748298709,0.178939284555543,0.158990126454641,0.18741641191369,0.184973320134558
0.178268910854687,0.178432752199196,0.194360391210063,0.17111980494942,0.197926389039223,0.166792541126152,0.202386036290692,0.196035978442059,0.17702151174734,0.180682463206728,0.16719273348892,0.176114898765835,0.193470519682917,0.18519665564645,0.213596967921133,0.190184948473504,0.18611459408393,0.183909834946096,0.168249858726231,0.191141134427967
0.191627581277745,0.195008815678176,0.19541357443519,0.17281204759676,0.206056289027065,0.176859236574775,0.210090931650759,0.197243433530052,0.188769190159621,0.189021750349263,0.181825879429199,0.195141845515206,0.194300678734239,0.192002073723645,0.220893991972487,0.200319131763545,0.190700944308565,0.192806582060983,0.182509537848248,0.195982355668061
0.191235805555081,0.19554146021344,0.189885399277589,0.185295875045279,0.186819968730584,0.188646197468074,0.186726876163257,0.195551135288504,0.195684330925472,0.184226866549313,0.19902377060097,0.191892706433305,0.20284798246266,0.184529634420939,0.192308778872169,0.19900142729864,0.182267390103673,0.200332406728078,0.195099181414958,0.177555490510402
0.212216675647854,0.239654247317239,0.215287535807867,0.225619648249168,0.219679816996556,0.203835137421136,0.207943021230165,0.221172121771098,0.208261134983963,0.207615354886157,0.206905359375469,0.220371229669369,0.199478163431404,0.203661760873016,0.218918290686476,0.211431477240194,0.21514249675426,0.218011821000659,0.212549227103856,0.196435384191005
0.208919403577492,0.221750650692579,0.21133312296421,0.215738589000669,0.213428021366096,0.211809880325996,0.214221385453132,0.215028068301641,0.222417916995643,0.208985408536684,0.222803235333671,0.220132279718174,0.217778373092288,0.212349927830568,0.217236716287764,0.218191357769352,0.205239338275354,0.225131155420875,0.218700665619982,0.202610543500614
0.1776618411595,0.192458114053098,0.161625949149506,0.185157481163835,0.189237980937753,0.167710922948076,0.179394447983604,0.184901088753339,0.172334448296539,0.162185759663028,0.171776071435163,0.181518548050119,0.159157624246728,0.161190680728867,0.199266179191477,0.166658151225407,0.179327173593415,0.163468121781539,0.168908748917066,0.167736901125222
0.172283144758687,0.184562836916209,0.168063538220145,0.167405877057361,0.175507353738563,0.160038067427606,0.172032129245911,0.181292468508592,0.16544882424766,0.163396463661592,0.165996277314414,0.171742276413803,0.162621316953311,0.168071008409521,0.166338658568682,0.171737952070362,0.170328909779521,0.177059442208125,0.161375503174265,0.151446756357368
0.166009678946732,0.180313665411583,0.175325869118747,0.182779236222575,0.175938417903326,0.167328705331275,0.16953769963601,0.186021139730636,0.178273465989776,0.167502647381475,0.171458209186424,0.180811162715722,0.16318423969625,0.16975800736942,0.173894544577582,0.16941096983912,0.17440192711617,0.175038758987294,0.180302187524702,0.166375006544817
0.169383026604049,0.202118668937831,0.17941664277839,0.182148141507556,0.18696639807949,0.168990694028166,0.187950731740561,0.19042427659176,0.181607720619963,0.185864216198875,0.170182114713964,0.192661044342809,0.171222655577409,0.169878933038017,0.176640551980969,0.184017766990606,0.19574156687161,0.181371469659761,0.174124481768257,0.164801795196737
0.148884264290345,0.18332104976828,0.156980493548606,0.173022612948781,0.162395082503915,0.16290334968394,0.182618900004467,0.178771615085547,0.165184465479248,0.166601512567291,0.163038906813012,0.176809235622674,0.176637607093528,0.165694447047857,0.189247419853413,0.173317008115217,0.183788525516446,0.179507927289829,0.181303140583152,0.154872312575948
0.172742590033774,0.188823913430878,0.176397875881867,0.157300108440749,0.176242422367983,0.184455290587676,0.180204794510442,0.183636429863953,0.170921216521132,0.18186817732405,0.167850159950179,0.185169885689114,0.173175642752228,0.160064646079924,0.181761651407675,0.16523925538405,0.174189755223674,0.181339106214033,0.172840320135356,0.163892546186318
0.176271597610904,0.201486158358655,0.173293126690321,0.182120223672897,0.182811623747782,0.164160846349233,0.19008998898158,0.186798008246538,0.169216587674403,0.173195238057882,0.161250474103158,0.193873153826598,0.167079691888151,0.179701650323431,0.189368091827483,0.18322609304916,0.184620098012254,0.193815429961858,0.184855168602029,0.171806624943989
0.206044048648814,0.212895055131337,0.19784852481108,0.194852740871703,0.197851684796653,0.167100474135959,0.183337995377655,0.184971711247206,0.174970921777905,0.184390232145555,0.19016439864457,0.199622273660711,0.195277653202863,0.191251926145487,0.198972149475527,0.224765163973529,0.201907309271236,0.198300814372733,0.200576674879438,0.195243166899178
0.169897457962856,0.194730856884673,0.174604019592379,0.161895248069857,0.189885157507261,0.183837933033796,0.179353255550859,0.188965687494733,0.169570749726724,0.18054661268409,0.165416922929546,0.209358697911637,0.175867742957759,0.171811199538122,0.197541653040683,0.173671874664305,0.176652565980869,0.19135116966252,0.176854598807774,0.17175101659035
0.171199241826017,0.207728933598253,0.175158161669504,0.204839431071084,0.176130582176841,0.176757610139381,0.183392471778349,0.203365313979137,0.19841748362089,0.179809227098367,0.160993593361666,0.180397386974891,0.183077972816779,0.157356415565992,0.173564297091436,0.150937551715204,0.161951372495476,0.193912587452592,0.191981469315146,0.165807579196661
0.170521568508912,0.206790369441581,0.187244930491243,0.204428965965481,0.185012835220054,0.18425927337398,0.181413200610191,0.203436642495386,0.233063688146851,0.186877524807415,0.182405382019555,0.210328769050362,0.150461432082664,0.158866783474014,0.171694943575278,0.179732575321379,0.191500934842229,0.178264149834061,0.183635206033448,0.153089475561405
0.172155192804295,0.20637453785278,0.182048524704067,0.185672558416193,0.1808483822866,0.169931102916079,0.183361233165601,0.194499924181684,0.187906774699833,0.185275357797813,0.167028387380353,0.199937015027792,0.181594103100508,0.167917301220218,0.184166098352493,0.164880028663743,0.161063264632934,0.187024744955064,0.193910089313233,0.159878723695148
0.178684980779892,0.187436267753778,0.205950021112298,0.173340611607091,0.197129573648312,0.182232712999054,0.185775044122792,0.202861254691997,0.165128081312944,0.172002234707624,0.195760818783421,0.190329609462933,0.18004396726927,0.165316807678557,0.197384150787849,0.182705019968489,0.165779454609726,0.186629470363158,0.162793332329877,0.151352549292266
0.176566759700323,0.203992538641626,0.1565863170865,0.2014862556802,0.187739536766627,0.183035483620429,0.188700309744165,0.189632604915197,0.185314239688508,0.188906713879339,0.179465390969407,0.191967754462712,0.183792986139005,0.164918631062091,0.176670761737345,0.14145949178581,0.154081704382496,0.178472006984296,0.185371804739213,0.15511706989538
0.17111131486948,0.193404382397082,0.193661084837075,0.180691364062494,0.193559822901414,0.159516311657061,0.197554809859395,0.214747609787904,0.181924025797844,0.1945578658034,0.172935115331854,0.183324636966035,0.161836934236701,0.168332012998498,0.183605025495688,0.20076972402264,0.208658279537253,0.211717151747904,0.195337101767972,0.189260733974676
0.179023278634579,0.191916127832431,0.172065146875767,0.158563887691248,0.158128259244766,0.182553578100946,0.18010294244475,0.184597899941724,0.178156811802306,0.173041507461376,0.157966168951758,0.192548288255634,0.177762100783909,0.153384879512947,0.185330487259494,0.168100771806942,0.165325236705748,0.210140306170297,0.197282701417425,0.162577998532428
0.177606037334209,0.201256956675052,0.18517157748343,0.183529176409493,0.186132228853869,0.191236530684424,0.192001191083577,0.192860002256315,0.192214466159796,0.189888631191869,0.186227284944253,0.199072257687617,0.190508871055645,0.168944240668533,0.197451377426063,0.180280078614299,0.174057114951913,0.203387765641603,0.184857287586797,0.172636317501169
0.171406437106649,0.205915924620603,0.17714246293013,0.178123556801995,0.192779844137008,0.193116032036428,0.193750943764623,0.200090798670965,0.202048113581168,0.178334906033424,0.182782862275893,0.202813339266176,0.192237291225726,0.175020937572371,0.202069000203516,0.185526675604263,0.17719700414371,0.199131743883314,0.185964855658671,0.169165186395904
0.178441664790751,0.198691595597565,0.184486698842863,0.182913661069926,0.185787243980689,0.18047157200159,0.186531498606585,0.196054390288804,0.188487258258316,0.176031164424145,0.178994377039521,0.190816010774167,0.172753108907052,0.16624818896585,0.194832851335126,0.185864038406015,0.179988774751121,0.192262391679587,0.18077034908881,0.162224794887969
0.198860291564086,0.225524184810149,0.198267298275507,0.214436664921482,0.209974998916877,0.186121625401121,0.201041930026652,0.215338074204103,0.202130906025826,0.197044149757243,0.196429648436128,0.212589889774191,0.191062697233099,0.195119520940754,0.202648517698129,0.204845874818675,0.202225452834101,0.207940520290438,0.204065656058797,0.187131015658616
0.197984315762355,0.223394065609929,0.207820820878571,0.204546009188556,0.209075820394912,0.192798678062094,0.210020926978877,0.214533292804789,0.199880807821011,0.201948918039193,0.193684502348019,0.218658654988448,0.195565714258717,0.201580136929609,0.212265699551372,0.208887375881564,0.208507011288104,0.20779838389371,0.20618177026469,0.196837827037856
0.184181154136862,0.197064377920608,0.187757847017066,0.181074313059692,0.193457322192246,0.186923968257838,0.193000375588128,0.197564889108643,0.194343443338597,0.184706455406516,0.186688352154739,0.196103269184555,0.192423601822968,0.182128554780648,0.201510420504479,0.197665683985692,0.183189845518007,0.19814070143991,0.190547782207884,0.178843903042914
0.194131683954851,0.209643350514483,0.191867753742092,0.194331363675013,0.202860898512819,0.189767337583545,0.203541068291141,0.201099160810225,0.199141103985685,0.197205050515474,0.192064566535395,0.215141678762149,0.187186770492594,0.194458693968313,0.206362707913583,0.20149758765256,0.195584300985571,0.196954605302101,0.200097431368596,0.194155792463403
0.187753276771775,0.203850778343709,0.19238738113189,0.193235891890355,0.198804871858844,0.187891238082559,0.202809385547938,0.201892120775772,0.196767867215071,0.189918366759133,0.193343104063827,0.209679542117355,0.186999859097081,0.18808298005187,0.206812625430726,0.19549533565881,0.187412938512123,0.188844674102092,0.190679081457353,0.186322175864674
0.19388624147624,0.219233352853355,0.204469102228009,0.202061947571371,0.209350592219275,0.201323759558337,0.216269487314297,0.210581342788368,0.19915908945343,0.207115691193408,0.196857758390749,0.221985856842093,0.204436412786703,0.206271969384195,0.220148840256413,0.206271509588921,0.208993648207271,0.207986438507064,0.201863587587496,0.197862476208074
0.199639544942075,0.227627363697858,0.210534198654423,0.214503080082424,0.207776643359955,0.199629984774141,0.206255070109684,0.221572429968546,0.208131354554175,0.202630416380107,0.200026985673972,0.220032426701686,0.195477166310977,0.194516897882893,0.207313804824569,0.206484994480795,0.209301804972479,0.214101688908797,0.20618560781026,0.188181806504128
0.204409599354943,0.222424545879447,0.215863827840196,0.202935253740305,0.215547123380664,0.208111819484948,0.220626070931365,0.212877225080709,0.205722307108895,0.216011940890626,0.196664354236627,0.225827145531395,0.204943521015648,0.217087184526503,0.226213121303768,0.211608257910285,0.218284879677048,0.221980164018387,0.215608330691616,0.21770052228962
0.231195723880191,0.209572039729135,0.213666255793821,0.223870595476689,0.214738496923131,0.21497628888344,0.227653130735815,0.220965753584158,0.221614610553735,0.21439153031846,0.19156905929109,0.206493774503975,0.202166935097046,0.194679546207082,0.193067631944627,0.209341318394182,0.205769902455274,0.204530729547508,0.198281333926273,0.199174557765576
0.208658679683555,0.219605034522559,0.203662901799937,0.216896542913772,0.214032737486806,0.190356146553335,0.213544926972101,0.225058188545561,0.214252287598642,0.216422044227626,0.210575968632245,0.222597013756618,0.200908605632467,0.204101816211878,0.21614783019874,0.205741856867736,0.211305387958459,0.215920871254917,0.197502527706004,0.206807671418814
0.204839050256093,0.235767347003701,0.211369124580959,0.205848320048528,0.217146492762877,0.208015471610649,0.215959666240215,0.224139252707162,0.21176500807254,0.206824020296968,0.206075583737642,0.227613664671283,0.209548967089059,0.207322876730715,0.221710158131116,0.214059619469393,0.206777342468091,0.229199931920803,0.215735348857286,0.204677682038574
0.205208078369353,0.234186506421025,0.211569335369293,0.207042862277225,0.228649440332583,0.201957302581077,0.218857444059775,0.222276766611191,0.210107927815505,0.208316685503081,0.199066655365549,0.214777317367389,0.207569400907169,0.212207133821859,0.218110467828418,0.210336964103853,0.220922570057304,0.220711324723368,0.221753661134784,0.215657609900057
0.216934854717666,0.228791764066654,0.22180762341529,0.219631164806871,0.21934640837811,0.215459603387122,0.21167628418968,0.222195127035341,0.23186240003057,0.211455831986528,0.215389837443055,0.223354687352947,0.215918018832387,0.210223728983159,0.219712331874834,0.213602543553623,0.211461878687668,0.218430319197001,0.222803580531698,0.198940989760835
0.223143047251305,0.236655419824768,0.226446075902626,0.229553722750517,0.229631017243466,0.21896339367844,0.234108484679236,0.229790115550393,0.232040030135409,0.215600907921933,0.225674741558688,0.225013569500573,0.22241572361912,0.226332951387268,0.236153674412142,0.225177484959438,0.230324267416687,0.228027712222031,0.223797963069439,0.216418440495607
